[header]
width=100
height=100
tilewidth=64
tileheight=32
music=music/battle_theme.ogg
tileset=tilesetdefs/tileset_dungeon.txt
title=Barrack

[tilesets]
tileset=../../../tiled/dungeon/tiled_collision.png,64,32,0,0
tileset=../../../tiled/dungeon/tiled_dungeon.png,64,128,0,0
tileset=../../../tiled/dungeon/set_rules.png,64,32,0,0
tileset=../../../tiled/dungeon/tiled_dungeon_2x2.png,128,64,0,16
tileset=../../../tiled/dungeon/door_left.png,64,128,-16,-8
tileset=../../../tiled/dungeon/door_right.png,64,128,16,-8
tileset=../../../tiled/dungeon/stairs.png,256,256,0,48

[layer]
type=background
data=
0,0,0,0,0,0,0,0,0,0,0,0,0,0,0,0,0,0,0,0,0,0,0,0,0,0,0,0,0,0,0,0,0,0,0,0,0,0,0,0,0,0,0,0,0,0,0,0,0,0,0,0,0,0,0,0,0,0,0,0,37,36,42,40,46,40,45,43,43,0,0,0,0,0,0,0,0,0,0,0,0,0,0,0,0,0,0,0,0,0,0,0,0,0,0,0,0,0,0,0,
0,0,0,0,0,0,0,0,0,0,0,0,0,0,0,0,0,0,0,0,0,0,0,0,0,0,0,0,0,0,0,0,0,0,0,0,0,0,0,0,0,0,0,0,0,0,0,0,0,0,0,0,0,0,0,0,0,0,0,0,41,41,38,38,38,47,45,36,46,0,0,0,0,0,0,0,0,0,0,0,0,0,0,0,0,0,0,0,0,0,0,0,0,0,0,0,0,0,0,0,
0,0,39,39,39,47,43,36,36,41,45,45,47,42,46,46,43,40,36,46,42,47,37,42,47,39,44,42,37,42,36,45,47,0,0,0,0,0,0,0,0,0,0,0,0,0,0,0,0,0,0,0,0,0,0,0,0,0,0,0,36,46,47,39,36,44,48,36,37,0,0,0,0,0,0,0,0,0,0,0,0,0,0,0,0,0,0,0,0,0,0,0,0,0,0,0,0,0,0,0,
0,0,43,36,41,37,36,38,38,42,42,46,46,46,46,47,36,41,44,37,47,46,46,46,38,43,41,46,44,47,42,47,45,0,0,0,0,0,0,0,0,0,0,0,0,0,0,0,0,0,0,0,0,0,0,0,0,0,0,0,40,44,46,47,42,36,38,40,43,0,0,0,0,43,47,36,45,41,38,45,41,47,47,40,37,42,39,43,39,42,44,40,44,44,38,46,38,0,0,0,
0,0,46,41,43,41,46,47,37,45,46,37,45,44,45,40,42,47,38,37,46,43,43,39,42,37,38,39,39,44,46,44,37,0,0,0,0,0,0,0,0,0,0,0,0,0,0,0,0,0,0,0,0,0,0,0,0,0,0,0,44,43,38,41,37,40,43,39,36,0,0,0,0,42,19,17,17,17,19,17,16,16,17,18,18,16,17,18,18,18,19,17,16,18,18,18,44,0,0,0,
0,0,47,47,39,44,37,42,36,40,46,42,45,46,46,24,21,21,21,21,25,47,36,37,38,45,36,44,47,39,38,47,45,0,0,0,0,0,0,0,0,0,0,0,0,0,0,0,0,39,36,44,38,43,45,44,40,44,0,0,47,43,41,39,38,47,39,38,42,0,0,0,0,44,16,19,19,19,17,16,19,19,16,19,16,16,16,18,19,18,16,18,17,18,16,16,46,0,0,0,
0,0,38,42,44,43,37,46,47,37,41,36,43,47,43,20,41,38,44,45,22,39,43,37,39,37,47,44,47,42,42,39,36,0,0,0,0,0,36,43,46,38,40,42,42,36,39,36,37,38,30,23,23,23,23,23,31,43,0,0,0,0,0,36,47,46,0,0,0,0,0,0,0,44,17,17,18,16,17,19,19,17,16,16,18,19,18,17,18,18,19,19,18,19,19,19,44,0,0,0,
0,0,41,41,45,40,44,43,37,42,43,41,41,45,43,20,44,37,40,46,22,44,46,41,39,47,39,45,39,37,37,44,40,0,0,0,0,0,40,41,39,45,37,47,43,39,41,39,44,43,22,30,23,23,23,31,20,36,0,0,0,0,0,38,44,41,0,0,0,0,0,0,0,43,17,19,18,19,16,19,18,18,19,16,19,16,19,16,16,19,19,18,17,18,19,16,42,0,0,0,
0,0,39,47,40,44,38,47,47,36,44,41,38,38,44,20,40,45,46,42,22,46,43,47,41,39,37,37,43,44,38,39,41,0,0,0,0,0,46,45,47,44,36,45,40,46,42,39,42,44,22,22,30,23,31,20,20,41,0,0,0,0,0,39,42,39,0,0,0,0,0,0,0,36,16,16,17,18,23,23,23,23,23,23,23,23,23,23,23,17,16,18,19,17,18,16,38,0,0,0,
0,0,47,38,47,45,47,47,47,36,40,41,47,39,38,20,47,47,40,42,22,47,39,39,39,40,44,47,40,38,39,43,41,44,47,45,44,38,39,42,47,41,46,43,37,45,45,42,44,36,22,22,22,40,20,20,20,36,0,0,0,0,0,47,40,46,0,0,0,0,0,0,0,43,16,16,17,22,48,50,50,50,50,50,50,50,50,50,50,20,19,17,17,17,16,16,41,0,0,0,
0,0,40,39,46,36,40,45,45,47,41,40,39,41,42,27,23,23,23,23,26,40,38,44,46,37,47,43,41,39,46,40,46,43,37,41,45,44,37,44,40,47,0,0,0,0,0,0,0,42,22,22,22,42,20,20,20,43,0,0,0,0,0,36,43,41,0,0,0,0,0,0,0,42,17,17,18,22,49,0,0,0,0,0,51,0,0,0,0,20,19,19,17,18,18,18,46,0,0,0,
0,0,47,39,45,45,38,46,41,39,46,37,39,41,38,39,45,42,40,37,44,42,38,44,44,41,37,36,44,37,41,44,41,40,39,36,45,42,45,45,40,41,0,0,0,0,0,0,0,47,22,22,22,44,20,20,20,37,39,45,43,47,44,42,39,41,44,47,44,44,46,40,38,38,16,17,16,22,49,0,0,0,0,0,0,0,0,0,0,20,16,16,18,17,17,17,43,0,0,0,
0,0,38,40,40,45,43,37,44,41,45,43,41,42,41,46,40,46,41,36,44,36,38,40,36,37,43,45,40,36,40,41,46,43,44,47,41,41,47,40,44,45,0,0,0,0,0,0,0,44,22,22,22,46,20,20,20,43,38,43,39,37,37,47,42,41,42,44,38,44,43,36,36,40,16,16,19,22,49,0,0,0,0,0,0,0,0,0,0,20,18,16,16,16,18,19,45,0,0,0,
0,0,47,45,40,46,38,40,41,44,40,46,44,36,44,43,47,40,44,38,39,42,41,43,40,41,38,47,44,36,45,41,45,0,0,0,0,0,37,47,40,47,0,0,0,0,0,0,0,38,22,22,22,44,20,20,20,42,39,45,40,36,42,44,39,40,39,44,38,45,39,46,44,38,19,17,16,22,49,0,0,0,0,51,0,0,0,0,0,20,18,19,17,16,16,17,40,0,0,0,
0,0,43,47,37,47,41,47,42,42,40,43,40,36,41,45,36,42,37,46,46,37,43,47,37,45,47,37,45,40,46,40,40,0,0,0,0,0,45,46,46,39,0,0,0,0,0,0,0,43,22,22,29,21,28,20,20,40,47,37,44,43,36,39,38,46,45,44,40,39,45,37,46,38,16,18,16,22,49,0,0,0,0,0,0,0,0,0,0,20,18,16,18,17,18,19,44,0,0,0,
0,0,0,0,0,39,43,43,38,0,0,0,0,0,0,0,0,0,0,0,0,0,0,0,0,0,0,0,0,0,0,0,0,0,0,0,0,0,36,41,40,47,0,0,0,0,0,0,0,37,22,29,21,21,21,28,20,44,0,0,0,0,0,39,37,44,0,0,0,0,0,0,0,41,17,17,19,22,49,0,0,0,0,0,0,0,0,0,0,20,16,17,17,19,19,18,42,0,0,0,
0,0,0,0,0,40,39,36,38,0,0,0,0,0,0,0,0,0,0,0,0,0,0,0,0,0,0,0,0,0,0,0,0,0,0,0,0,0,45,40,42,43,0,0,0,0,0,0,0,36,29,21,21,21,21,21,28,43,0,0,0,0,0,44,37,46,0,0,0,0,0,0,0,40,16,17,16,22,49,0,0,0,0,0,0,0,0,0,0,20,19,16,17,17,17,18,39,0,0,0,
0,0,0,0,0,37,39,40,40,0,0,0,0,0,0,0,0,0,0,0,0,0,0,0,0,0,0,0,0,0,0,0,0,0,0,0,37,38,47,38,36,45,39,43,47,44,0,0,0,39,43,37,42,39,43,42,40,38,0,0,0,0,0,42,47,41,0,0,0,0,0,0,0,40,18,16,17,22,49,0,0,0,0,0,0,0,0,0,0,20,18,19,16,16,19,18,38,0,0,0,
0,0,0,0,0,38,44,44,43,0,0,0,0,0,0,0,0,0,0,0,0,0,0,0,0,0,0,0,0,0,0,0,0,0,0,0,44,47,38,44,40,47,42,46,38,47,0,0,0,0,0,0,0,46,45,42,44,0,0,0,0,0,0,41,45,36,0,0,0,0,0,0,0,46,17,17,18,16,21,21,21,21,21,21,21,21,21,21,21,28,16,16,19,18,19,17,40,0,0,0,
0,0,0,0,0,47,40,37,36,0,0,0,0,0,0,0,0,0,0,0,0,0,0,0,0,0,0,0,0,0,0,0,0,0,0,0,47,45,39,46,45,43,41,38,45,46,0,0,0,0,0,0,0,39,38,42,47,0,0,0,45,40,45,43,40,38,42,44,39,0,0,0,0,36,18,19,18,18,17,19,18,18,16,18,17,16,17,19,16,16,18,16,18,16,16,18,39,0,0,0,
0,0,0,0,0,43,44,41,42,0,0,0,0,0,0,0,0,0,0,0,0,0,0,0,0,0,0,0,0,0,0,0,0,0,0,0,42,45,43,48,50,50,50,46,44,45,0,0,0,0,0,0,0,41,42,38,43,0,0,0,40,42,38,36,38,36,38,41,39,0,0,0,0,37,17,19,17,17,17,16,19,19,19,18,19,17,18,19,17,16,19,16,17,18,18,18,37,0,0,0,
0,0,0,0,0,38,47,43,40,0,0,0,0,0,0,0,0,0,0,40,42,43,45,38,41,38,38,42,39,36,41,47,0,0,0,0,40,47,40,49,0,0,0,39,40,45,0,0,0,0,0,0,0,36,46,38,44,0,0,0,43,43,45,44,37,37,45,44,42,0,0,0,0,37,19,18,17,17,17,18,16,17,18,19,16,17,19,18,17,19,18,16,16,16,18,16,42,0,0,0,
0,0,0,0,0,43,38,45,36,0,0,0,0,0,0,0,0,0,0,42,40,48,50,50,50,50,50,50,50,37,36,46,0,0,0,0,39,38,42,49,0,0,0,38,47,41,0,0,0,0,0,0,0,40,41,41,37,0,0,0,36,43,38,40,41,40,44,39,44,0,0,0,0,41,18,17,19,18,18,19,19,19,16,17,17,19,19,19,17,19,16,18,17,18,18,18,46,0,0,0,
0,0,0,0,0,43,37,38,46,0,0,0,0,0,0,0,0,0,0,44,45,49,0,0,0,0,0,0,0,36,36,37,0,0,0,0,39,41,43,49,0,0,0,47,40,36,0,0,0,0,0,0,0,40,47,40,46,0,0,0,47,43,45,42,36,38,36,43,36,0,0,0,0,46,17,17,19,16,17,17,19,19,18,19,16,17,17,16,19,16,17,16,19,19,17,17,36,0,0,0,
0,0,0,0,0,46,40,44,42,0,0,0,0,0,0,0,0,0,0,38,40,49,0,24,21,21,25,49,0,45,42,41,0,0,0,0,45,45,42,49,0,0,0,46,38,46,0,0,0,0,0,0,0,40,42,36,40,0,0,0,36,46,45,38,47,48,44,37,36,0,0,0,0,42,16,19,18,17,19,16,17,19,17,16,19,18,16,19,19,18,19,17,18,17,16,17,42,0,0,0,
0,0,0,0,0,42,45,47,43,0,0,0,0,0,0,0,0,0,0,41,40,49,0,20,37,43,22,49,0,46,42,37,41,43,40,43,42,39,43,49,0,0,0,45,47,37,0,0,0,0,0,0,0,37,37,37,40,0,0,0,41,36,39,36,44,47,43,38,47,0,0,0,0,38,40,43,43,46,44,40,39,38,40,41,42,37,47,47,44,41,43,45,41,43,40,46,44,0,0,0,
0,0,0,0,0,42,39,47,42,0,0,0,0,0,0,0,0,0,0,47,42,49,0,20,41,40,22,49,0,41,40,43,42,47,47,37,42,46,45,49,0,0,0,40,41,37,0,0,0,0,0,0,0,40,37,38,43,0,0,0,39,38,42,39,41,44,40,45,43,0,0,0,0,0,0,0,0,0,0,0,0,0,0,0,0,0,46,45,38,46,0,0,0,0,0,0,0,0,0,0,
0,0,0,0,0,42,40,45,46,0,0,0,0,0,0,0,0,0,0,47,42,49,0,27,23,23,26,49,0,47,39,42,37,43,40,44,47,47,36,49,0,0,0,42,40,39,0,0,0,0,0,0,0,39,41,46,41,0,0,0,45,37,38,46,42,44,38,38,46,0,0,0,0,0,0,0,0,0,0,0,0,0,0,0,0,0,44,44,43,46,0,0,0,0,0,0,0,0,0,0,
0,0,0,0,0,45,44,47,41,0,0,0,0,0,0,0,0,0,0,40,46,49,0,50,50,50,50,0,0,41,39,37,39,44,42,36,37,45,36,49,0,0,0,41,39,46,0,0,0,0,0,0,0,47,44,42,41,0,0,0,0,0,0,0,0,0,0,0,0,0,0,0,0,0,0,0,0,0,0,0,0,0,0,0,0,0,41,44,38,42,0,0,0,0,0,0,0,0,0,0,
0,0,0,0,0,42,43,42,43,0,0,0,0,0,0,0,0,0,0,45,46,49,0,0,0,0,0,0,0,43,37,40,0,0,0,0,37,47,47,49,0,0,0,43,41,37,0,0,0,0,0,0,0,37,36,41,42,0,0,0,0,0,0,0,0,0,0,0,0,0,0,0,0,0,0,0,0,0,0,0,0,0,0,0,0,0,40,44,46,44,0,0,0,0,0,0,0,0,0,0,
0,0,0,0,0,47,42,42,47,0,0,0,0,0,0,0,0,0,0,40,45,39,43,40,40,42,41,47,46,43,42,42,0,0,0,0,44,44,41,49,0,0,0,45,38,39,0,0,0,0,0,0,0,39,37,47,39,0,0,0,0,0,0,0,0,0,0,0,0,0,0,0,0,0,0,0,0,0,0,0,0,0,0,0,0,0,42,38,44,38,0,0,0,0,0,0,0,0,0,0,
0,0,0,0,0,38,43,41,47,0,0,0,0,0,0,0,0,0,0,40,48,38,42,37,47,38,43,42,45,37,47,43,0,0,0,0,44,44,44,49,0,0,0,46,46,38,0,0,0,0,0,0,0,40,42,46,37,0,0,0,0,0,0,0,0,0,0,0,0,0,0,0,0,0,0,0,0,0,0,0,0,0,0,0,0,0,43,46,45,36,0,0,0,0,0,0,0,0,0,0,
0,0,0,0,0,36,47,47,41,0,0,0,0,0,0,0,0,0,0,41,39,39,36,42,42,40,41,46,44,44,41,45,0,0,0,0,47,45,36,39,44,47,39,41,43,39,0,0,0,0,0,0,0,46,47,44,45,0,0,0,0,0,0,0,0,0,0,0,0,0,0,0,0,0,0,0,0,0,0,0,0,0,0,0,0,0,36,42,40,38,0,0,0,0,0,0,0,0,0,0,
0,0,0,0,0,40,37,37,40,0,0,0,0,0,0,0,0,0,0,0,0,0,0,41,37,41,47,0,0,0,0,0,0,0,0,0,36,36,39,42,39,38,41,41,47,44,0,0,0,0,0,0,0,39,37,37,46,0,0,0,0,0,0,0,0,0,0,0,0,0,0,0,0,0,0,0,0,0,0,0,0,0,0,0,0,0,47,47,41,38,0,0,0,0,0,0,0,0,0,0,
0,0,0,0,0,37,37,42,46,0,0,0,0,0,0,0,0,0,0,0,0,0,0,36,47,36,38,0,0,0,0,0,0,0,0,0,47,47,40,42,45,37,38,42,36,47,0,0,0,0,0,0,0,36,44,46,39,0,0,0,0,0,0,0,0,0,0,0,0,0,0,0,0,0,0,0,46,43,43,46,40,46,43,40,41,46,37,40,38,47,0,0,0,0,0,0,0,0,0,0,
0,0,0,0,0,36,36,40,47,0,0,37,41,40,39,41,44,44,38,0,0,0,0,47,40,47,41,0,0,0,0,0,0,0,0,0,46,38,43,38,39,43,41,45,43,43,0,0,0,0,0,0,0,39,46,43,40,0,0,0,0,0,0,41,44,37,38,42,46,47,40,42,0,0,0,0,47,45,40,43,41,42,45,40,45,42,37,42,37,43,0,0,0,0,0,0,0,0,0,0,
0,0,0,0,0,41,47,38,46,0,0,45,45,44,38,42,41,38,38,0,0,0,0,45,42,45,41,0,0,0,0,0,0,0,0,0,0,0,0,0,0,0,0,0,0,0,0,0,0,0,0,0,0,45,37,45,47,0,0,0,0,0,0,42,37,45,45,44,41,44,40,38,0,0,0,0,45,45,46,37,42,43,41,40,47,46,45,45,39,39,0,0,0,0,0,0,0,0,0,0,
0,0,0,0,0,45,40,42,41,0,0,47,38,36,47,41,41,39,44,0,0,0,0,37,42,37,46,0,0,0,0,0,0,0,0,0,0,0,0,0,0,0,0,0,0,0,0,0,0,0,0,0,0,36,44,47,40,0,0,0,0,0,0,40,45,43,38,43,37,43,47,42,0,0,0,0,37,42,47,40,45,45,44,47,38,36,37,43,44,47,0,0,0,0,0,0,0,0,0,0,
0,0,0,0,0,36,45,44,47,42,40,44,42,47,39,46,37,39,44,0,0,0,0,39,42,42,40,0,0,0,0,0,0,0,0,0,0,0,0,0,0,0,0,0,0,0,0,0,0,0,0,0,0,38,39,41,45,0,0,0,0,0,0,37,36,44,44,40,43,43,36,47,0,0,0,0,47,47,38,36,0,0,0,0,0,0,0,0,0,0,0,0,0,0,0,0,0,0,0,0,
0,0,0,0,0,36,37,46,40,38,36,40,37,43,39,39,39,37,36,0,0,0,0,39,46,45,36,0,0,0,0,0,0,0,0,0,0,0,0,0,0,0,0,0,0,0,0,0,0,0,0,0,0,42,37,40,40,0,0,0,0,0,0,42,41,46,45,39,45,38,44,44,0,0,0,0,38,42,42,41,0,0,0,0,0,0,0,0,0,0,0,0,0,0,0,0,0,0,0,0,
0,0,0,0,0,42,46,40,44,41,44,37,43,46,40,43,37,38,36,0,0,0,0,37,44,38,36,0,0,0,0,0,0,0,0,0,0,0,0,0,0,0,0,0,0,0,0,0,0,0,0,0,0,40,47,43,46,42,36,39,37,38,39,41,36,36,43,42,43,36,43,46,0,0,0,0,39,45,41,37,0,0,0,0,0,0,0,0,0,0,0,0,0,0,0,0,0,0,0,0,
0,0,0,0,0,45,43,38,46,41,43,40,47,37,45,37,37,40,45,0,0,0,0,39,39,44,39,0,0,0,0,0,0,0,0,0,0,0,0,0,0,0,0,0,0,0,0,0,0,0,0,0,0,37,38,39,40,41,42,36,46,39,44,46,38,41,41,42,43,39,46,45,0,0,0,0,46,37,47,44,0,0,0,0,0,0,0,0,0,0,0,0,0,0,0,0,0,0,0,0,
0,0,0,0,0,43,44,40,47,0,0,37,40,38,39,46,36,43,45,0,0,0,0,44,36,37,36,0,0,0,0,0,0,0,0,0,0,0,0,0,0,0,0,0,0,0,0,0,0,0,0,0,0,45,39,38,39,41,38,43,36,45,43,41,42,47,38,41,40,37,37,38,0,0,0,0,42,40,43,37,0,0,0,0,0,0,0,0,0,0,0,0,0,0,0,0,0,0,0,0,
0,0,0,0,0,42,43,38,36,0,0,37,44,40,37,38,45,39,37,0,0,0,0,46,41,44,44,0,0,0,0,0,0,0,0,0,0,0,0,0,0,0,0,0,0,0,0,0,0,0,0,0,0,36,41,37,46,38,42,44,41,47,41,38,45,45,42,43,45,39,40,39,0,0,0,0,43,40,46,46,0,0,0,0,0,0,0,0,0,0,0,0,0,0,0,0,0,0,0,0,
0,0,0,0,0,39,43,37,45,0,0,37,47,39,40,41,41,44,42,0,0,0,0,43,44,40,44,0,0,0,0,0,39,38,36,42,36,38,37,44,39,46,45,45,37,0,0,0,0,0,0,0,0,0,0,0,47,41,36,46,0,0,0,45,46,37,42,43,44,44,43,42,0,0,0,0,39,45,41,42,0,0,0,0,0,0,0,0,0,0,0,0,0,0,0,0,0,0,0,0,
0,0,0,0,0,43,37,38,42,0,0,42,38,38,36,38,46,36,40,0,0,0,0,36,36,36,41,0,0,0,0,0,42,40,45,40,39,36,45,40,41,39,44,38,46,0,0,0,0,0,0,0,0,0,0,0,38,47,40,37,0,0,0,40,46,47,42,40,40,41,45,47,0,0,0,0,42,45,37,37,0,0,0,0,0,0,0,0,0,0,0,0,0,0,0,0,0,0,0,0,
0,0,0,0,0,39,40,43,40,0,0,45,36,46,41,36,40,39,43,0,0,0,0,38,36,46,37,36,47,44,40,44,36,43,36,43,43,38,44,36,46,46,36,40,46,0,0,0,0,0,0,0,0,0,0,0,43,40,46,41,0,0,0,37,41,42,39,40,37,40,38,47,0,0,0,0,41,41,46,39,0,0,0,0,0,0,0,0,0,0,0,0,0,0,0,0,0,0,0,0,
0,0,0,0,0,44,41,46,39,0,0,44,42,40,41,38,38,38,46,0,0,0,0,46,44,37,44,45,39,40,42,45,37,37,45,46,39,38,41,39,44,42,41,41,38,0,0,0,0,0,0,0,0,0,0,0,45,42,38,36,0,0,0,42,38,45,45,44,41,46,39,42,0,0,0,0,40,46,43,41,0,0,0,0,0,0,0,0,0,0,0,0,0,0,0,0,0,0,0,0,
0,0,0,0,0,38,41,37,41,0,0,0,0,0,0,0,0,0,0,0,0,0,0,46,42,43,37,39,40,41,41,43,47,43,36,48,37,42,37,42,48,42,44,42,41,0,0,0,0,0,0,0,0,0,0,0,45,37,41,40,0,0,0,40,38,45,42,39,40,39,37,43,0,0,0,0,38,45,42,46,0,0,0,0,0,0,0,0,0,0,0,0,0,0,0,0,0,0,0,0,
0,0,0,0,0,44,39,47,41,0,0,0,0,0,0,0,0,0,0,0,0,0,0,39,40,38,41,43,40,41,36,39,38,46,46,44,39,41,43,45,40,45,44,37,37,0,0,0,0,0,0,0,0,0,0,0,38,40,38,45,0,0,0,37,40,37,38,42,42,40,36,47,0,0,0,0,36,41,44,42,0,0,0,0,0,0,0,0,0,0,0,0,0,0,0,0,0,0,0,0,
0,0,0,0,0,38,45,42,43,0,0,0,0,0,0,0,0,0,0,0,0,0,0,0,0,0,0,0,0,0,0,0,36,37,39,37,39,47,38,43,39,40,40,44,37,0,0,0,0,0,0,0,0,0,0,0,44,44,47,37,0,0,0,0,0,0,0,0,0,0,0,0,0,0,0,0,39,45,39,39,0,0,0,0,0,0,0,0,0,0,0,0,0,0,0,0,0,0,0,0,
0,0,0,0,0,37,47,43,40,43,44,39,46,36,40,41,42,38,40,43,41,41,0,0,0,0,0,0,0,0,0,0,41,45,42,46,37,43,47,40,43,43,42,38,37,0,0,0,0,0,0,0,0,0,0,0,36,44,44,36,0,0,0,0,0,0,0,0,0,0,0,0,0,0,0,0,43,40,39,38,0,0,0,0,0,0,0,0,0,0,0,0,0,0,0,0,0,0,0,0,
0,0,0,0,0,47,41,39,41,37,40,45,45,45,40,39,42,38,46,42,45,42,0,0,0,0,0,0,0,0,0,0,39,41,45,41,40,46,41,47,37,44,37,36,43,0,0,0,0,0,0,0,0,0,0,0,45,47,36,37,0,0,0,0,0,0,0,0,0,0,0,0,0,0,0,0,38,44,38,43,0,0,0,0,0,0,0,0,0,0,0,0,0,0,0,0,0,0,0,0,
0,0,0,0,0,38,41,44,39,42,36,44,43,42,43,36,44,40,44,45,43,36,0,0,0,0,0,0,0,0,0,0,0,0,0,0,0,0,0,38,37,46,36,0,0,0,0,0,0,0,0,0,0,0,0,0,44,46,42,36,0,0,0,44,39,44,39,46,37,40,40,36,0,0,0,0,36,43,42,42,0,0,0,0,0,0,0,0,0,0,0,0,0,0,0,0,0,0,0,0,
0,0,0,0,0,40,41,47,45,39,47,43,36,44,47,40,46,36,45,43,36,38,0,0,0,0,0,0,0,0,0,0,0,0,0,0,0,0,0,40,36,39,37,0,0,0,0,0,0,0,0,0,0,0,0,0,43,39,44,47,0,0,0,44,40,46,36,40,46,47,43,45,0,0,0,0,41,37,38,40,0,0,0,0,0,0,0,0,0,0,0,0,0,0,0,0,0,0,0,0,
0,0,0,0,0,0,0,0,0,0,0,0,0,0,0,0,0,0,46,43,45,45,0,0,0,0,0,0,0,0,0,0,0,0,0,0,0,0,0,42,40,45,36,0,0,0,0,0,0,0,0,0,0,0,0,0,37,47,45,42,0,0,0,38,38,39,45,47,40,37,43,47,0,0,0,0,42,40,40,46,0,0,0,0,0,0,0,0,0,0,0,0,0,0,0,0,0,0,0,0,
0,0,0,0,0,0,0,0,0,0,0,0,0,0,0,0,0,0,36,39,44,41,0,0,0,0,0,0,0,0,0,0,38,44,38,38,45,36,37,42,41,36,42,47,38,40,47,40,39,38,38,38,47,42,46,36,40,38,44,44,43,44,38,47,45,44,44,39,40,42,41,47,0,0,0,0,36,45,40,36,44,37,38,41,40,39,43,39,0,0,0,0,0,0,0,0,0,0,0,0,
0,0,0,0,0,0,0,0,0,0,0,0,0,0,0,0,0,0,37,36,43,39,0,0,0,0,0,0,0,0,0,0,44,38,36,37,42,38,36,45,38,42,44,41,43,44,40,40,44,39,41,39,40,43,42,46,45,47,36,41,41,44,42,44,45,36,46,44,41,37,42,38,0,0,0,0,36,43,39,42,44,39,46,38,39,46,46,39,0,0,0,0,0,0,0,0,0,0,0,0,
0,0,0,0,0,0,0,0,0,0,0,0,0,0,0,0,0,0,42,40,45,45,0,0,0,0,0,0,0,0,0,0,41,37,40,39,40,40,38,42,45,40,36,46,37,47,47,45,47,47,39,46,47,46,44,39,47,38,36,46,42,44,38,47,42,41,36,38,43,37,43,39,0,0,0,0,41,47,42,44,38,41,38,38,40,44,37,43,0,0,0,0,0,0,0,0,0,0,0,0,
0,0,0,0,0,0,0,0,0,0,0,0,0,0,0,0,0,0,38,44,39,43,0,0,0,0,0,0,0,0,0,0,45,42,44,40,44,41,36,46,45,43,44,46,37,41,37,36,44,46,46,43,40,40,36,47,46,45,39,46,39,41,45,38,42,43,44,41,36,43,47,47,0,0,0,0,46,38,44,45,41,46,46,45,41,36,37,36,0,0,0,0,0,0,0,0,0,0,0,0,
0,0,0,0,0,0,0,0,0,0,0,0,0,0,0,0,0,0,43,39,39,46,0,0,0,0,0,0,0,0,0,0,0,0,0,0,0,0,0,44,40,46,45,0,0,0,0,0,0,0,0,0,0,0,0,0,45,46,42,41,0,0,0,37,36,36,38,39,40,37,37,39,0,0,0,0,0,0,0,0,0,0,0,0,39,45,42,37,0,0,0,0,0,0,0,0,0,0,0,0,
0,0,0,0,0,0,0,0,0,0,0,0,0,0,0,0,0,0,47,44,39,41,0,0,0,0,0,0,0,0,0,0,0,0,0,0,0,0,0,40,38,37,46,0,0,0,0,0,0,0,0,0,0,0,0,0,46,44,40,39,0,0,0,45,40,47,42,36,38,44,38,45,0,0,0,0,0,0,0,0,0,0,0,0,47,46,38,37,0,0,0,0,0,0,0,0,0,0,0,0,
0,0,0,0,0,0,0,0,0,0,42,36,36,39,45,41,46,36,45,39,47,44,40,37,37,38,46,40,0,0,0,0,0,0,0,0,0,0,0,42,38,37,38,0,0,0,0,0,0,0,0,0,0,0,0,0,36,42,41,37,0,0,0,41,38,39,38,36,44,42,46,47,0,0,0,0,0,0,0,0,0,0,0,0,40,42,40,43,0,0,0,0,0,0,0,0,0,0,0,0,
0,0,0,0,0,0,0,0,0,0,39,43,40,38,37,45,46,36,46,38,38,42,47,43,47,41,40,45,0,0,0,0,0,0,44,39,41,42,41,39,41,45,44,40,36,36,39,44,0,0,0,0,0,0,0,0,36,37,43,44,0,0,0,42,42,40,42,41,40,41,45,40,0,0,0,0,0,0,0,0,0,0,0,0,38,43,40,42,0,0,0,0,0,0,0,0,0,0,0,0,
0,0,0,0,0,0,0,0,0,0,46,39,42,41,44,41,42,44,39,47,37,47,41,36,38,37,46,42,0,0,0,0,0,0,44,36,47,43,37,46,36,41,46,38,38,47,44,38,0,0,0,0,0,0,0,0,46,39,44,47,0,0,0,39,37,46,47,45,41,41,38,37,0,0,0,0,0,0,0,0,0,0,0,0,37,45,38,46,0,0,0,0,0,0,0,0,0,0,0,0,
0,0,0,0,0,0,0,0,0,0,42,40,45,36,46,47,41,43,38,45,37,46,37,46,37,47,38,36,0,0,0,0,0,0,47,36,42,40,38,44,41,46,45,39,46,39,45,47,0,0,0,0,0,0,0,0,47,47,44,38,0,0,0,38,45,45,45,37,44,42,47,44,0,0,0,0,0,0,0,0,0,0,0,0,36,45,46,37,0,0,0,0,0,0,0,0,0,0,0,0,
0,0,0,0,0,0,0,0,0,0,46,38,47,36,42,36,43,37,46,38,40,45,44,42,43,38,45,44,0,0,0,0,0,0,36,36,45,45,44,38,43,38,40,39,42,44,47,44,0,0,0,0,0,0,0,0,37,44,45,38,0,0,0,41,41,39,40,45,43,44,37,44,0,0,0,0,0,0,0,0,0,0,36,40,44,43,38,40,45,41,39,45,38,42,40,43,39,43,43,0,
0,0,0,0,0,0,0,0,0,0,38,38,44,41,38,42,40,46,45,43,40,46,36,39,43,37,37,47,0,0,0,0,0,0,40,41,36,37,30,23,23,23,23,31,36,41,38,38,0,0,0,0,0,0,0,0,46,46,46,44,0,0,0,40,40,40,46,43,41,46,41,44,0,0,0,0,0,0,0,0,0,0,42,36,40,42,40,38,42,43,46,38,36,45,39,42,37,44,44,0,
0,0,0,0,0,0,0,0,0,0,44,44,37,41,39,44,38,37,42,47,45,38,38,41,46,36,39,37,0,0,0,0,0,0,43,45,41,45,22,48,50,50,50,20,46,41,40,43,0,0,0,0,0,0,0,0,42,36,39,42,0,0,0,47,45,47,40,41,44,39,38,44,0,0,0,0,0,0,0,0,0,0,44,37,37,36,37,42,37,44,41,47,36,46,39,42,43,36,38,0,
0,0,0,0,0,0,0,0,0,0,41,47,36,42,36,43,44,38,42,40,39,37,38,39,37,42,43,40,0,0,0,0,0,0,0,0,0,0,22,49,0,0,0,20,0,0,0,0,0,0,0,0,0,0,0,0,40,39,37,45,0,0,0,0,0,0,0,0,0,0,0,0,0,0,0,0,0,0,0,0,0,0,44,37,45,47,37,44,44,37,43,41,40,47,42,40,37,40,36,0,
0,0,0,0,0,0,0,0,0,0,44,44,41,39,45,39,41,37,46,36,47,47,47,40,42,42,42,47,0,0,0,0,0,0,40,43,44,42,22,49,0,0,0,20,46,42,46,41,0,0,0,0,0,0,0,0,44,47,37,37,0,0,0,0,0,0,0,0,0,0,0,0,0,0,0,0,0,0,0,0,0,0,46,43,42,39,36,41,40,37,39,46,37,38,40,38,36,43,40,0,
0,0,0,0,0,0,0,0,0,0,36,47,42,37,36,42,36,41,41,42,41,37,40,41,44,41,44,45,0,0,0,0,0,0,39,44,42,46,29,21,21,21,21,28,45,40,41,19,0,0,0,0,0,0,0,0,43,36,46,47,0,0,0,0,0,0,0,0,0,0,0,0,0,0,0,0,0,0,0,0,0,0,46,46,44,47,39,44,47,47,45,38,47,43,38,41,43,44,47,0,
0,0,0,0,0,0,0,0,0,0,47,39,40,42,41,39,42,40,43,47,41,43,36,36,36,36,36,39,0,0,0,0,0,0,36,36,36,47,37,45,43,41,46,46,45,43,39,47,0,0,0,0,0,0,0,0,37,38,47,40,0,0,0,0,0,0,0,0,0,0,0,0,0,0,0,0,0,0,0,0,0,0,47,36,36,37,36,36,38,37,41,44,44,46,40,40,36,46,36,0,
0,0,0,0,0,0,0,0,0,0,38,41,38,38,47,38,36,44,37,40,41,38,44,42,45,47,47,38,0,0,0,0,0,0,47,37,36,42,46,40,36,39,46,41,37,38,40,42,0,0,0,0,0,0,0,0,45,45,37,39,0,0,0,0,0,0,0,0,0,0,0,0,0,0,0,0,0,0,0,0,0,0,40,38,39,47,37,42,41,47,43,42,42,36,47,39,43,41,37,0,
0,0,0,0,0,0,0,0,0,0,41,39,39,43,47,38,44,47,37,43,38,43,46,44,41,38,37,39,0,0,0,0,0,0,46,38,43,46,44,40,38,45,39,38,40,39,44,37,0,0,0,0,0,0,0,0,47,39,40,39,0,0,0,0,44,43,38,38,43,37,38,44,40,46,38,46,0,0,0,0,0,0,43,37,44,46,39,47,40,40,42,39,39,44,38,47,41,40,47,0,
0,0,0,0,0,0,0,0,0,0,45,42,41,36,47,36,42,36,41,42,43,39,43,44,37,37,39,40,0,0,0,0,0,0,46,40,39,42,42,46,37,40,39,45,37,41,36,43,0,0,0,0,0,0,0,0,45,39,37,47,0,0,0,0,45,39,38,37,42,36,42,45,38,41,40,40,0,0,0,0,0,0,43,43,43,37,38,46,42,38,38,46,47,39,41,38,38,37,38,0,
0,0,0,0,0,0,0,0,0,0,37,46,44,40,45,40,44,42,36,38,40,40,39,41,37,43,47,43,0,0,0,0,0,0,39,46,45,41,41,43,40,43,40,47,43,39,36,36,0,0,0,0,0,0,0,0,39,43,40,44,0,0,0,0,47,38,45,44,43,41,40,44,42,44,40,47,0,0,0,0,0,0,0,0,0,0,0,0,0,0,37,40,41,44,45,0,0,0,0,0,
0,0,0,0,0,0,0,0,0,0,38,40,39,46,46,36,39,40,47,43,47,46,46,40,44,42,46,45,0,0,0,0,0,0,46,42,36,44,46,39,37,44,46,43,38,47,41,43,0,0,0,0,0,0,0,0,46,45,40,40,0,0,0,0,38,44,43,42,45,45,42,41,40,43,40,44,0,0,0,0,0,0,0,0,0,0,0,0,0,0,44,38,36,47,39,0,0,0,0,0,
0,0,0,0,0,0,0,0,0,0,45,42,42,37,41,36,37,45,36,44,43,43,43,36,47,41,38,39,0,0,0,0,0,0,0,0,0,0,47,39,38,41,0,0,0,0,0,0,0,0,0,0,0,0,0,0,41,46,39,41,0,0,0,0,45,42,36,46,40,40,44,47,47,36,42,45,0,0,0,0,0,0,0,0,0,0,0,0,0,0,39,46,47,44,43,0,0,0,0,0,
0,0,0,0,0,0,0,0,0,0,0,0,0,0,0,0,0,0,0,44,47,36,43,0,0,0,0,0,0,0,0,0,0,0,0,0,0,0,42,38,36,37,0,0,0,0,0,0,0,0,0,0,0,0,0,0,46,45,47,44,0,0,0,0,40,37,43,40,43,46,37,36,45,45,41,45,0,0,0,0,0,0,0,0,0,0,0,0,0,0,45,47,36,40,36,0,0,0,0,0,
0,0,0,0,0,0,0,0,0,0,0,0,0,0,0,0,0,0,0,45,41,44,43,0,0,0,0,0,0,0,0,0,0,0,0,0,0,0,47,36,44,44,0,0,0,0,0,0,0,0,0,0,0,0,0,0,46,46,44,36,0,0,0,0,43,47,37,37,42,44,45,40,42,43,47,42,0,0,0,0,0,0,0,0,0,0,0,0,0,0,46,38,40,37,46,0,0,0,0,0,
0,0,0,0,0,0,0,0,0,0,0,0,0,0,0,0,0,0,0,38,44,44,37,0,0,0,0,0,0,0,0,0,0,0,0,0,0,0,47,36,46,41,0,0,0,0,0,0,0,0,0,0,0,0,0,0,40,43,42,41,0,0,0,0,0,0,0,0,0,41,38,45,41,0,0,0,0,0,0,0,0,0,0,0,0,0,0,0,0,0,43,42,42,47,43,0,0,0,0,0,
0,0,0,0,0,39,47,42,38,46,39,47,0,0,0,0,36,40,46,38,41,37,40,40,43,44,43,36,43,43,39,47,47,43,47,46,45,45,38,42,36,47,37,40,36,42,47,41,0,0,0,0,0,0,0,0,38,42,44,42,0,0,0,0,0,0,0,0,0,41,37,47,47,0,0,0,0,0,0,0,0,0,0,0,37,44,40,42,45,43,45,44,44,38,37,37,37,0,0,0,
0,0,0,0,0,44,45,47,36,36,38,39,0,0,0,0,43,36,45,44,42,40,45,46,43,36,46,36,39,36,45,42,44,36,41,45,43,42,44,43,37,43,47,46,37,43,41,45,0,0,0,0,0,0,0,0,43,36,40,36,0,0,0,0,0,0,0,0,0,45,46,47,42,0,0,0,0,0,0,0,0,0,0,0,38,39,41,42,44,39,47,44,46,36,44,47,47,0,0,0,
0,0,0,0,0,43,43,42,44,40,40,43,0,0,0,0,36,30,23,23,23,23,23,31,46,24,21,21,21,21,21,21,21,21,21,21,21,25,47,36,43,38,40,39,39,36,46,41,0,0,0,0,0,0,0,0,45,42,38,38,42,42,42,45,37,39,43,42,44,47,46,47,45,37,39,40,46,41,43,42,47,36,47,46,36,44,38,47,39,46,42,44,38,36,39,43,42,0,0,0,
0,0,0,0,0,47,47,38,46,46,45,43,44,36,39,45,39,22,46,44,46,47,45,20,42,20,42,41,44,40,44,37,46,38,40,46,44,22,41,36,46,37,39,37,44,40,41,41,0,0,0,0,0,0,0,0,44,46,39,44,46,45,47,40,40,46,39,38,37,47,43,46,40,36,45,39,43,37,42,46,41,37,37,46,45,40,43,47,38,46,40,42,42,43,37,38,44,0,0,0,
0,0,0,0,0,41,38,47,38,44,39,41,42,39,38,45,42,22,40,39,45,38,41,20,39,27,23,23,23,23,23,23,23,23,23,23,23,26,40,41,45,36,37,46,37,42,36,40,0,0,0,0,0,0,0,0,37,39,36,46,45,44,42,43,44,44,43,43,46,36,44,41,40,43,41,47,37,36,47,40,46,40,45,46,44,43,47,42,43,41,42,39,41,43,46,45,40,0,0,0,
0,0,0,0,0,39,41,40,41,36,42,42,45,38,40,45,47,22,36,42,40,36,44,20,36,36,37,47,41,47,39,38,36,45,39,47,47,43,40,46,43,40,41,37,41,38,41,45,0,0,0,0,0,0,0,0,36,41,40,47,36,36,44,45,47,40,41,45,37,42,39,41,39,39,42,43,45,40,47,36,46,43,44,45,46,37,42,45,47,45,47,43,36,42,42,43,44,0,0,0,
0,0,0,0,0,42,47,41,37,41,46,38,39,46,47,40,36,22,43,40,45,43,43,20,42,24,21,21,21,21,21,21,21,21,21,21,21,21,21,21,21,21,21,21,25,41,42,44,0,0,0,0,0,0,0,0,38,45,38,37,45,43,46,39,37,45,39,41,45,43,37,37,42,37,41,44,39,44,40,45,45,38,37,45,39,39,47,40,40,37,43,46,38,37,38,41,41,0,0,0,
0,0,0,0,0,40,40,47,42,42,44,45,0,0,0,0,47,22,36,45,38,45,41,20,40,20,40,42,38,38,42,38,42,44,44,39,39,41,43,36,36,36,42,45,22,37,46,44,0,0,0,0,0,0,0,0,0,0,0,0,0,0,0,47,38,39,46,0,0,0,0,0,0,0,0,0,0,0,0,0,0,0,0,0,38,42,41,41,39,47,47,37,46,45,41,40,46,0,0,0,
0,0,0,0,0,36,47,39,46,44,43,36,0,0,0,0,36,29,21,21,21,21,21,28,37,20,39,37,42,38,40,39,39,41,37,38,45,47,45,44,36,47,44,38,22,38,47,43,0,0,0,0,0,0,0,0,0,0,0,0,0,0,0,44,36,42,36,0,0,0,0,0,0,0,0,0,0,0,0,0,0,0,0,0,46,41,46,36,38,43,44,36,43,42,37,37,38,0,0,0,
0,0,0,0,0,43,40,39,40,36,47,44,0,0,0,0,43,46,46,40,42,36,43,45,39,20,43,40,44,36,42,40,39,46,46,43,37,42,40,42,45,37,47,44,22,37,42,46,0,0,0,0,0,0,0,0,0,0,0,0,0,0,0,38,36,40,37,0,0,0,0,0,0,0,0,0,0,0,0,0,0,0,0,0,43,41,38,47,39,44,38,43,43,42,46,47,36,0,0,0,
0,0,0,0,0,0,0,0,0,0,0,0,0,0,0,0,45,40,42,41,42,37,43,41,46,27,23,23,23,23,23,23,23,23,23,23,23,23,23,23,23,23,23,23,26,45,38,47,0,0,0,0,0,0,0,0,0,0,0,44,37,47,37,47,41,44,47,40,39,45,47,46,0,0,0,0,0,0,0,0,0,0,0,0,40,44,38,42,45,40,37,44,46,41,41,41,45,0,0,0,
0,0,0,0,0,0,0,0,0,0,0,0,0,0,0,0,40,44,36,45,47,47,36,46,40,38,40,45,47,47,40,46,37,46,44,36,44,37,38,42,40,42,44,45,46,38,37,45,0,0,0,0,0,0,0,0,0,0,0,38,41,45,47,36,39,46,40,42,44,42,39,40,0,0,0,0,0,0,0,0,0,0,0,0,36,37,41,45,45,39,40,41,42,37,41,39,40,0,0,0,
0,0,0,0,0,0,0,0,0,0,0,0,0,0,0,0,43,36,47,36,41,43,45,36,37,47,37,37,43,40,39,47,47,43,42,46,37,43,38,37,40,39,38,43,38,39,41,43,0,0,0,0,0,0,0,0,0,0,0,38,36,41,47,37,47,42,37,37,42,38,44,37,0,0,0,0,0,0,0,0,0,0,0,0,36,42,41,38,47,41,40,41,44,43,39,41,40,0,0,0,
0,0,0,0,0,0,0,0,0,0,0,0,0,0,0,0,0,0,0,0,0,0,0,0,0,0,0,0,0,0,0,0,0,0,0,0,0,0,0,0,0,0,0,0,0,0,0,0,0,0,0,0,0,0,0,0,0,0,0,39,38,47,47,43,48,50,50,44,43,46,43,37,0,0,0,0,0,0,0,0,0,0,0,0,36,47,39,37,47,40,41,36,37,43,43,36,42,0,0,0,
0,0,0,0,0,0,0,0,0,0,0,0,0,0,0,0,0,0,0,0,0,0,0,0,0,0,0,0,0,0,0,0,0,0,0,0,0,0,0,0,0,0,0,0,0,0,0,0,0,0,0,0,0,0,0,0,0,0,0,41,46,41,41,42,42,45,45,45,42,47,40,42,0,0,0,0,0,0,0,0,0,0,0,0,46,40,39,47,42,45,43,43,39,44,39,38,38,0,0,0,
0,0,0,0,0,0,0,0,0,0,0,0,0,0,0,0,0,0,0,0,0,0,0,0,0,0,0,0,0,0,0,0,0,0,0,0,0,0,0,0,0,0,0,0,0,0,0,0,0,0,0,0,0,0,0,0,0,0,0,36,47,40,46,38,44,45,40,47,37,45,42,39,0,0,0,0,0,0,0,0,0,0,0,0,42,44,42,41,45,40,38,44,38,42,37,39,42,0,0,0,
0,0,0,0,0,0,0,0,0,0,0,0,0,0,0,0,0,0,0,0,0,0,0,0,0,0,0,0,0,0,0,0,0,0,0,0,0,0,0,0,0,0,0,0,0,0,0,0,0,0,0,0,0,0,0,0,0,0,0,36,44,38,38,46,39,41,38,39,46,46,38,44,0,0,0,0,0,0,0,0,0,0,0,0,39,38,39,44,43,43,47,42,42,45,43,37,37,0,0,0,
0,0,0,0,0,0,0,0,0,0,0,0,0,0,0,0,0,0,0,0,0,0,0,0,0,0,0,0,0,0,0,0,0,0,0,0,0,0,0,0,0,0,0,0,0,0,0,0,0,0,0,0,0,0,0,0,0,0,0,0,0,0,0,0,0,0,0,0,0,0,0,0,0,0,0,0,0,0,0,0,0,0,0,0,0,0,0,0,0,0,0,0,0,0,0,0,0,0,0,0

[layer]
type=object
data=
0,0,0,0,0,0,0,0,0,0,0,0,0,0,0,0,0,0,0,0,0,0,0,0,0,0,0,0,0,0,0,0,0,0,0,0,0,0,0,0,0,0,0,0,0,0,0,0,0,0,0,0,0,0,0,0,0,0,0,0,77,101,101,101,103,101,101,105,78,0,0,0,0,0,0,0,0,0,0,0,0,0,0,0,0,0,0,0,0,0,0,0,0,0,0,0,0,0,0,0,
0,0,0,0,0,0,0,0,0,0,0,0,0,0,0,0,0,0,0,0,0,0,0,0,0,0,0,0,0,0,0,0,0,0,0,0,0,0,0,0,0,0,0,0,0,0,0,0,0,0,0,0,0,0,0,0,0,0,0,0,100,0,0,0,151,0,0,0,70,0,0,0,0,0,0,0,0,0,0,0,0,0,0,0,0,0,0,0,0,0,0,0,0,0,0,0,0,0,0,0,
0,0,77,69,69,69,103,69,69,69,69,103,69,69,69,107,103,69,103,107,109,69,69,103,69,99,107,99,69,103,69,69,78,0,0,0,0,0,0,0,0,0,0,0,0,0,0,0,0,0,0,0,0,0,0,0,0,0,0,0,102,0,148,0,0,0,51,0,82,0,0,0,0,0,0,0,0,0,0,0,0,0,0,0,0,0,0,0,0,0,0,0,0,0,0,0,0,0,0,0,
0,0,68,0,0,0,0,0,0,0,0,0,0,122,0,176,0,133,0,0,0,0,122,0,0,0,0,0,0,0,162,146,70,0,0,0,0,0,0,0,0,0,0,0,0,0,0,0,0,0,0,0,0,0,0,0,0,0,0,0,100,0,0,0,0,0,0,0,82,0,0,0,0,77,69,107,69,103,69,107,69,78,77,69,69,107,69,103,69,107,69,103,105,107,69,69,78,0,0,0,
0,0,68,0,129,0,0,0,0,0,0,129,0,122,0,0,0,0,0,0,0,0,122,0,137,137,0,137,137,0,0,0,82,0,0,0,0,0,0,0,0,0,0,0,0,0,0,0,0,0,0,0,0,0,0,0,0,0,0,0,104,0,0,0,0,0,137,0,82,0,0,0,0,68,145,0,0,137,0,0,0,74,73,0,162,0,137,179,0,0,0,137,183,179,181,0,70,0,0,0,
0,0,102,0,0,0,0,0,0,0,0,0,0,122,0,0,0,0,0,0,0,0,122,0,0,0,0,0,0,0,0,0,82,0,0,0,0,0,0,0,0,0,0,0,0,0,0,0,0,77,69,69,69,103,69,69,69,78,0,0,76,71,83,88,0,0,83,83,95,0,0,0,0,106,0,128,0,0,0,0,193,0,0,193,0,0,0,0,0,0,181,0,178,176,129,181,82,0,0,0,
0,0,68,0,0,0,284,0,0,0,0,181,0,122,0,0,167,0,0,151,0,0,119,0,137,137,0,137,137,0,0,0,82,0,0,0,0,0,77,69,69,69,69,103,69,69,69,69,69,73,164,0,0,137,0,0,163,70,0,0,0,0,0,80,0,82,0,0,0,0,0,0,0,68,0,0,0,0,0,0,0,0,0,0,0,0,0,0,0,0,0,0,176,181,176,0,82,0,0,0,
0,0,68,0,0,0,0,0,0,0,0,0,0,122,0,0,0,0,0,0,0,0,0,0,0,0,0,0,0,0,0,0,82,0,0,0,0,0,68,0,0,0,0,0,0,0,0,0,0,0,0,176,0,0,0,0,0,82,0,0,0,0,0,68,0,82,0,0,0,0,0,0,0,102,0,0,0,0,0,0,0,0,0,0,0,0,0,0,0,0,0,176,0,179,0,0,82,0,0,0,
0,0,68,0,0,0,0,0,0,0,0,0,0,122,0,0,0,264,0,0,0,0,0,0,0,0,0,0,0,0,0,0,82,0,0,0,0,0,68,0,0,0,0,0,0,0,0,0,0,0,0,0,0,0,0,0,0,82,0,0,0,0,0,108,0,82,0,0,0,0,0,0,0,68,136,0,0,0,0,0,0,0,0,0,0,0,0,0,0,0,0,0,0,0,177,0,82,0,0,0,
0,0,68,0,0,0,0,0,0,0,0,0,0,122,0,0,151,0,0,151,0,0,121,0,137,137,0,137,137,0,0,0,90,81,69,69,69,69,73,0,0,91,83,83,83,83,83,83,83,88,0,0,0,0,0,0,0,82,0,0,0,0,0,68,0,82,0,0,0,0,0,0,0,106,0,0,0,0,51,51,51,51,51,51,51,51,51,51,51,0,0,0,0,0,0,136,82,0,0,0,
0,0,102,0,0,0,0,0,0,0,0,0,0,122,0,0,0,0,0,0,0,0,122,0,0,0,0,0,0,0,0,0,0,0,0,0,0,0,0,0,0,82,0,0,0,0,0,0,0,80,0,0,0,195,0,0,0,82,0,0,0,0,0,68,0,82,0,0,0,0,0,0,0,68,0,192,0,0,51,51,51,51,51,133,182,51,51,51,51,0,0,0,0,180,0,0,82,0,0,0,
0,0,68,0,0,0,0,0,0,0,0,0,0,122,0,0,0,0,0,0,0,0,122,0,137,137,0,137,137,0,0,0,0,0,0,0,0,0,0,0,0,82,0,0,0,0,0,0,0,108,0,0,0,194,177,0,0,90,81,69,69,69,69,73,176,90,81,69,69,69,69,69,69,73,0,0,0,0,51,134,51,51,51,51,51,51,51,134,51,0,0,0,0,0,0,0,82,0,0,0,
0,0,68,0,0,0,0,0,0,0,0,0,0,122,0,180,0,0,0,0,0,0,122,0,0,0,0,0,0,0,0,0,91,83,83,83,83,83,88,0,0,82,0,0,0,0,0,0,0,68,0,178,181,0,0,0,179,0,0,0,0,0,0,0,0,0,0,0,0,0,0,0,0,0,0,0,0,0,51,51,51,51,51,51,51,51,51,51,51,0,0,0,0,177,0,0,82,0,0,0,
0,0,68,0,0,0,0,0,0,0,0,0,0,122,0,135,0,0,0,0,135,0,122,0,0,0,0,0,0,0,0,0,82,0,0,0,0,0,80,0,0,82,0,0,0,0,0,0,0,102,136,0,0,167,0,0,0,0,0,0,0,0,0,0,0,0,0,0,0,0,0,0,0,0,0,0,0,0,51,51,51,51,51,167,51,51,51,51,51,0,0,0,0,0,0,91,95,0,0,0,
0,0,76,71,83,88,0,0,91,83,83,83,83,83,83,83,83,83,83,83,83,83,83,83,83,83,83,83,83,83,83,83,95,0,0,0,0,0,68,0,0,82,0,0,0,0,0,0,0,68,0,0,0,0,0,0,0,91,83,83,83,83,83,88,180,91,83,83,83,83,83,83,83,88,0,0,0,0,51,134,51,51,51,51,51,51,51,134,51,0,0,0,0,0,0,90,94,0,0,0,
0,0,0,0,0,80,0,0,82,0,0,0,0,0,0,0,0,0,0,0,0,0,0,0,0,0,0,0,0,0,0,0,0,0,0,0,0,0,68,0,0,82,0,0,0,0,0,0,0,68,0,180,0,0,0,0,0,82,0,0,0,0,0,80,0,82,0,0,0,0,0,0,0,80,0,0,0,0,51,51,51,51,51,51,51,51,51,51,51,0,0,0,0,0,0,0,82,0,0,0,
0,0,0,0,0,68,0,0,82,0,0,0,0,0,0,0,0,0,0,0,0,0,0,0,0,0,0,0,0,0,0,0,0,0,0,0,0,0,68,0,0,82,0,0,0,0,0,0,0,68,0,0,0,0,0,0,0,82,0,0,0,0,0,68,0,82,0,0,0,0,0,0,0,68,0,192,0,0,51,51,135,51,51,135,51,51,135,51,51,0,0,0,0,0,0,0,82,0,0,0,
0,0,0,0,0,68,0,0,82,0,0,0,0,0,0,0,0,0,0,0,0,0,0,0,0,0,0,0,0,0,0,0,0,0,0,0,77,69,73,0,0,90,81,105,97,78,0,0,0,76,71,83,83,88,0,0,91,95,0,0,0,0,0,68,0,82,0,0,0,0,0,0,0,68,0,0,0,0,51,51,51,51,51,51,51,51,51,51,51,0,0,0,0,0,0,0,82,0,0,0,
0,0,0,0,0,68,0,0,82,0,0,0,0,0,0,0,0,0,0,0,0,0,0,0,0,0,0,0,0,0,0,0,0,0,0,0,104,0,0,0,0,0,0,0,0,70,0,0,0,0,0,0,0,80,0,0,82,0,0,0,0,0,0,68,0,82,0,0,0,0,0,0,0,106,0,0,0,0,0,0,0,0,0,161,0,0,0,0,0,0,0,0,0,0,0,136,82,0,0,0,
0,0,0,0,0,68,0,0,82,0,0,0,0,0,0,0,0,0,0,0,0,0,0,0,0,0,0,0,0,0,0,0,0,0,0,0,98,0,0,0,181,0,0,0,0,82,0,0,0,0,0,0,0,68,0,0,82,0,0,0,77,101,99,73,0,90,81,101,78,0,0,0,0,68,136,0,0,0,177,0,0,0,0,0,0,0,0,0,0,0,0,0,0,0,0,0,82,0,0,0,
0,0,0,0,0,68,0,0,82,0,0,0,0,0,0,0,0,0,0,0,0,0,0,0,0,0,0,0,0,0,0,0,0,0,0,0,108,0,0,51,51,51,51,0,0,82,0,0,0,0,0,0,0,102,0,0,82,0,0,0,106,0,0,0,0,0,0,0,70,0,0,0,0,102,0,163,0,0,0,0,0,0,0,0,0,0,0,0,0,0,0,0,0,0,0,0,82,0,0,0,
0,0,0,0,0,68,0,0,82,0,0,0,0,0,0,0,0,0,0,77,105,69,97,97,97,97,97,97,69,109,105,78,0,0,0,0,102,0,0,0,0,0,0,0,0,82,0,0,0,0,0,0,0,68,0,0,82,0,0,0,100,0,0,0,0,0,136,0,82,0,0,0,0,68,0,0,0,0,0,0,0,0,0,0,0,0,0,0,0,0,0,177,0,0,0,0,82,0,0,0,
0,0,0,0,0,68,0,0,82,0,0,0,0,0,0,0,0,0,0,68,178,0,0,0,0,0,0,0,0,0,0,70,0,0,0,0,68,0,0,0,0,0,0,0,0,82,0,0,0,0,0,0,0,68,0,0,82,0,0,0,102,0,0,0,0,0,0,0,82,0,0,0,0,106,0,0,0,0,0,0,0,0,0,0,0,0,0,0,0,0,0,0,0,0,0,0,82,0,0,0,
0,0,0,0,0,102,0,0,82,0,0,0,0,0,0,0,0,0,0,68,193,0,0,0,0,0,0,0,0,193,176,82,0,0,0,0,108,0,0,0,0,0,0,0,0,82,0,0,0,0,0,0,0,68,0,0,82,0,0,0,100,0,148,0,0,0,51,0,82,0,0,0,0,68,162,131,0,0,0,0,0,0,0,0,0,0,0,0,0,0,0,0,0,0,130,0,82,0,0,0,
0,0,0,0,0,68,0,0,82,0,0,0,0,0,0,0,0,0,0,102,0,0,0,177,75,72,0,0,0,177,0,82,0,0,0,0,96,0,0,0,0,0,0,0,0,82,0,0,0,0,0,0,0,68,0,0,82,0,0,0,68,0,0,0,0,0,0,0,82,0,0,0,0,68,160,163,0,0,137,0,0,0,0,137,0,0,0,0,0,0,137,0,0,0,0,0,82,0,0,0,
0,0,0,0,0,68,0,0,82,0,0,0,0,0,0,0,0,0,0,68,145,0,0,75,79,76,72,0,0,0,0,90,81,69,69,69,73,0,0,0,0,0,0,180,0,82,0,0,0,0,0,0,0,68,0,0,82,0,0,0,68,202,203,151,0,0,0,166,82,0,0,0,0,76,71,83,83,83,83,83,83,83,83,83,83,83,88,0,0,91,83,83,83,83,83,83,95,0,0,0,
0,0,0,0,0,68,0,0,82,0,0,0,0,0,0,0,0,0,0,106,0,0,0,74,78,77,73,0,0,0,0,0,0,0,0,0,0,0,0,0,0,0,0,0,0,82,0,0,0,0,0,0,0,102,0,0,82,0,0,0,104,0,0,0,0,0,0,0,82,0,0,0,0,0,0,0,0,0,0,0,0,0,0,0,0,0,80,0,0,82,0,0,0,0,0,0,0,0,0,0,
0,0,0,0,0,68,0,0,82,0,0,0,0,0,0,0,0,0,0,68,0,0,0,0,74,73,181,0,0,0,0,0,0,0,0,0,0,0,0,0,0,0,0,0,0,82,0,0,0,0,0,0,0,68,0,0,82,0,0,0,76,71,83,83,83,83,83,83,95,0,0,0,0,0,0,0,0,0,0,0,0,0,0,0,0,0,68,0,0,82,0,0,0,0,0,0,0,0,0,0,
0,0,0,0,0,68,0,0,82,0,0,0,0,0,0,0,0,0,0,102,0,0,0,0,0,0,0,0,0,0,0,91,83,83,83,83,88,0,0,0,0,0,0,0,0,82,0,0,0,0,0,0,0,68,181,0,82,0,0,0,0,0,0,0,0,0,0,0,0,0,0,0,0,0,0,0,0,0,0,0,0,0,0,0,0,0,68,0,0,82,0,0,0,0,0,0,0,0,0,0,
0,0,0,0,0,102,0,0,82,0,0,0,0,0,0,0,0,0,0,108,180,0,0,0,0,0,0,0,0,0,0,82,0,0,0,0,80,0,0,0,0,0,0,0,0,82,0,0,0,0,0,0,0,68,0,0,82,0,0,0,0,0,0,0,0,0,0,0,0,0,0,0,0,0,0,0,0,0,0,0,0,0,0,0,0,0,68,0,0,82,0,0,0,0,0,0,0,0,0,0,
0,0,0,0,0,68,0,0,82,0,0,0,0,0,0,0,0,0,0,68,0,0,0,0,0,0,0,0,0,0,0,82,0,0,0,0,96,0,0,0,0,0,0,0,0,82,0,0,0,0,0,0,0,68,0,0,82,0,0,0,0,0,0,0,0,0,0,0,0,0,0,0,0,0,0,0,0,0,0,0,0,0,0,0,0,0,102,0,0,82,0,0,0,0,0,0,0,0,0,0,
0,0,0,0,0,68,0,0,82,0,0,0,0,0,0,0,0,0,0,68,51,0,137,0,179,0,0,0,0,0,0,82,0,0,0,0,102,0,0,51,51,51,51,0,0,82,0,0,0,0,0,0,0,68,0,0,82,0,0,0,0,0,0,0,0,0,0,0,0,0,0,0,0,0,0,0,0,0,0,0,0,0,0,0,0,0,68,0,0,82,0,0,0,0,0,0,0,0,0,0,
0,0,0,0,0,68,0,0,82,0,0,0,0,0,0,0,0,0,0,76,71,83,83,88,0,0,91,83,83,83,83,95,0,0,0,0,108,0,0,0,0,0,0,0,0,82,0,0,0,0,0,0,0,102,0,0,82,0,0,0,0,0,0,0,0,0,0,0,0,0,0,0,0,0,0,0,0,0,0,0,0,0,0,0,0,0,68,0,0,82,0,0,0,0,0,0,0,0,0,0,
0,0,0,0,0,68,0,0,82,0,0,0,0,0,0,0,0,0,0,0,0,0,0,80,0,0,82,0,0,0,0,0,0,0,0,0,104,0,0,0,0,0,0,0,0,82,0,0,0,0,0,0,0,68,0,0,82,0,0,0,0,0,0,0,0,0,0,0,0,0,0,0,0,0,0,0,0,0,0,0,0,0,0,0,0,0,68,0,0,82,0,0,0,0,0,0,0,0,0,0,
0,0,0,0,0,68,0,0,82,0,0,0,0,0,0,0,0,0,0,0,0,0,0,68,0,0,82,0,0,0,0,0,0,0,0,0,68,0,0,0,0,0,0,0,0,82,0,0,0,0,0,0,0,68,0,0,82,0,0,0,0,0,0,0,0,0,0,0,0,0,0,0,0,0,0,0,77,69,69,103,69,69,69,103,109,69,73,0,0,82,0,0,0,0,0,0,0,0,0,0,
0,0,0,0,0,68,0,0,82,0,0,77,109,105,103,65,109,105,78,0,0,0,0,68,0,0,82,0,0,0,0,0,0,0,0,0,76,71,83,83,83,83,83,83,83,95,0,0,0,0,0,0,0,68,0,0,82,0,0,0,0,0,0,77,69,101,69,103,69,101,105,78,0,0,0,0,68,0,0,0,0,0,0,0,0,0,0,0,0,82,0,0,0,0,0,0,0,0,0,0,
0,0,0,0,0,102,0,0,82,0,0,68,0,0,0,0,161,162,70,0,0,0,0,68,0,0,82,0,0,0,0,0,0,0,0,0,0,0,0,0,0,0,0,0,0,0,0,0,0,0,0,0,0,68,0,0,82,0,0,0,0,0,0,68,161,0,0,0,0,0,145,70,0,0,0,0,68,0,0,0,0,0,0,0,0,177,0,180,0,82,0,0,0,0,0,0,0,0,0,0,
0,0,0,0,0,68,0,0,82,0,0,102,0,137,0,137,0,163,82,0,0,0,0,68,0,0,82,0,0,0,0,0,0,0,0,0,0,0,0,0,0,0,0,0,0,0,0,0,0,0,0,0,0,68,0,0,82,0,0,0,0,0,0,102,202,203,178,0,0,0,0,82,0,0,0,0,68,0,0,91,83,83,83,83,83,83,83,83,83,95,0,0,0,0,0,0,0,0,0,0,
0,0,0,0,0,68,0,0,90,81,69,73,0,0,0,0,136,0,82,0,0,0,0,68,0,0,82,0,0,0,0,0,0,0,0,0,0,0,0,0,0,0,0,0,0,0,0,0,0,0,0,0,0,102,0,0,82,0,0,0,0,0,0,106,182,0,0,0,0,202,203,82,0,0,0,0,68,0,0,82,0,0,0,0,0,0,0,0,0,0,0,0,0,0,0,0,0,0,0,0,
0,0,0,0,0,68,0,0,0,0,0,0,0,0,179,0,0,0,82,0,0,0,0,68,0,0,82,0,0,0,0,0,0,0,0,0,0,0,0,0,0,0,0,0,0,0,0,0,0,0,0,0,0,68,0,0,82,0,0,0,0,0,0,68,0,0,0,0,0,0,0,82,0,0,0,0,68,179,0,82,0,0,0,0,0,0,0,0,0,0,0,0,0,0,0,0,0,0,0,0,
0,0,0,0,0,68,0,0,0,0,0,0,0,0,151,0,136,0,82,0,0,0,0,68,0,0,82,0,0,0,0,0,0,0,0,0,0,0,0,0,0,0,0,0,0,0,0,0,0,0,0,0,0,68,0,0,90,81,69,69,69,69,69,73,202,203,0,0,0,0,0,82,0,0,0,0,102,0,0,82,0,0,0,0,0,0,0,0,0,0,0,0,0,0,0,0,0,0,0,0,
0,0,0,0,0,68,0,0,91,83,83,88,0,0,0,0,0,0,82,0,0,0,0,68,0,0,82,0,0,0,0,0,0,0,0,0,0,0,0,0,0,0,0,0,0,0,0,0,0,0,0,0,0,68,0,0,0,0,0,0,0,0,0,0,0,0,0,0,0,202,203,82,0,0,0,0,104,0,0,82,0,0,0,0,0,0,0,0,0,0,0,0,0,0,0,0,0,0,0,0,
0,0,0,0,0,68,0,0,82,0,0,80,0,0,167,0,136,0,82,0,0,0,0,68,0,0,82,0,0,0,0,0,0,0,0,0,0,0,0,0,0,0,0,0,0,0,0,0,0,0,0,0,0,68,0,0,0,176,0,0,0,0,0,0,0,0,151,0,0,0,0,82,0,0,0,0,68,0,0,82,0,0,0,0,0,0,0,0,0,0,0,0,0,0,0,0,0,0,0,0,
0,0,0,0,0,102,0,0,82,0,0,68,0,0,0,0,0,0,82,0,0,0,0,68,0,0,82,0,0,0,0,0,0,0,0,0,0,0,0,0,0,0,0,0,0,0,0,0,0,0,0,0,0,76,71,83,88,0,0,91,83,83,83,88,0,0,0,0,0,0,0,82,0,0,0,0,68,0,0,82,0,0,0,0,0,0,0,0,0,0,0,0,0,0,0,0,0,0,0,0,
0,0,0,0,0,68,0,0,82,0,0,102,0,0,0,0,136,0,82,0,0,0,0,68,0,0,82,0,0,0,0,0,77,69,69,103,69,69,69,103,69,69,69,69,78,0,0,0,0,0,0,0,0,0,0,0,80,0,0,82,0,0,0,80,202,203,0,0,0,202,203,82,0,0,0,0,68,0,0,82,0,0,0,0,0,0,0,0,0,0,0,0,0,0,0,0,0,0,0,0,
0,0,0,0,0,68,0,0,82,0,0,108,163,137,0,137,0,163,82,0,0,0,0,68,0,0,82,0,0,0,0,0,68,129,0,0,0,0,0,0,0,0,0,0,70,0,0,0,0,0,0,0,0,0,0,0,68,0,0,82,0,0,0,106,160,0,0,0,0,0,0,82,0,0,0,0,68,0,0,82,0,0,0,0,0,0,0,0,0,0,0,0,0,0,0,0,0,0,0,0,
0,0,0,0,0,68,0,0,82,0,0,104,0,0,0,0,0,162,82,0,0,0,0,68,0,0,90,81,69,69,69,69,73,123,123,123,123,123,123,123,123,123,124,0,82,0,0,0,0,0,0,0,0,0,0,0,68,0,0,82,0,0,0,102,0,0,0,0,0,177,0,82,0,0,0,0,68,0,0,82,0,0,0,0,0,0,0,0,0,0,0,0,0,0,0,0,0,0,0,0,
0,0,0,0,0,68,0,0,82,0,0,76,71,83,83,83,83,83,95,0,0,0,0,68,0,0,0,0,0,0,0,0,0,0,0,0,0,0,0,0,0,0,122,0,82,0,0,0,0,0,0,0,0,0,0,0,102,0,0,82,0,0,0,68,202,203,0,0,178,202,203,82,0,0,0,0,102,0,0,82,0,0,0,0,0,0,0,0,0,0,0,0,0,0,0,0,0,0,0,0,
0,0,0,0,0,68,0,0,82,0,0,0,0,0,0,0,0,0,0,0,0,0,0,68,0,0,0,0,0,0,0,0,0,0,0,51,0,0,0,0,51,0,122,0,82,0,0,0,0,0,0,0,0,0,0,0,68,0,0,82,0,0,0,68,160,0,0,0,0,0,163,82,0,0,0,0,68,177,0,82,0,0,0,0,0,0,0,0,0,0,0,0,0,0,0,0,0,0,0,0,
0,0,0,0,0,68,0,0,82,0,0,0,0,0,0,0,0,0,0,0,0,0,0,76,71,83,83,83,83,83,83,83,88,0,0,0,0,0,0,0,0,0,122,0,82,0,0,0,0,0,0,0,0,0,0,0,68,0,0,82,0,0,0,76,71,83,83,83,83,83,83,95,0,0,0,0,68,0,0,82,0,0,0,0,0,0,0,0,0,0,0,0,0,0,0,0,0,0,0,0,
0,0,0,0,0,102,0,0,82,0,0,0,0,0,0,0,0,0,0,0,0,0,0,0,0,0,0,0,0,0,0,0,80,123,123,123,123,123,124,0,0,0,122,0,82,0,0,0,0,0,0,0,0,0,0,0,68,181,0,82,0,0,0,0,0,0,0,0,0,0,0,0,0,0,0,0,68,0,0,82,0,0,0,0,0,0,0,0,0,0,0,0,0,0,0,0,0,0,0,0,
0,0,0,0,0,68,0,0,90,81,69,69,103,69,69,69,69,69,103,69,69,78,0,0,0,0,0,0,0,0,0,0,68,131,0,0,0,0,122,0,0,0,122,130,82,0,0,0,0,0,0,0,0,0,0,0,68,0,0,82,0,0,0,0,0,0,0,0,0,0,0,0,0,0,0,0,68,0,0,82,0,0,0,0,0,0,0,0,0,0,0,0,0,0,0,0,0,0,0,0,
0,0,0,0,0,68,0,179,0,0,0,0,0,0,0,0,0,0,0,0,0,70,0,0,0,0,0,0,0,0,0,0,76,71,83,83,83,83,83,88,0,0,91,83,95,0,0,0,0,0,0,0,0,0,0,0,102,0,0,82,0,0,0,0,0,0,0,0,0,0,0,0,0,0,0,0,68,0,0,82,0,0,0,0,0,0,0,0,0,0,0,0,0,0,0,0,0,0,0,0,
0,0,0,0,0,68,0,0,0,0,0,0,0,0,0,0,0,0,0,0,0,82,0,0,0,0,0,0,0,0,0,0,0,0,0,0,0,0,0,80,0,0,82,0,0,0,0,0,0,0,0,0,0,0,0,0,68,0,0,82,0,0,0,77,69,101,69,103,69,101,69,78,0,0,0,0,102,0,0,82,0,0,0,0,0,0,0,0,0,0,0,0,0,0,0,0,0,0,0,0,
0,0,0,0,0,76,71,83,83,83,83,83,83,83,83,83,83,83,88,0,0,82,0,0,0,0,0,0,0,0,0,0,0,0,0,0,0,0,0,68,0,0,82,0,0,0,0,0,0,0,0,0,0,0,0,0,68,0,0,82,0,0,0,106,0,0,0,0,0,0,0,70,0,0,0,0,68,0,0,82,0,0,0,0,0,0,0,0,0,0,0,0,0,0,0,0,0,0,0,0,
0,0,0,0,0,0,0,0,0,0,0,0,0,0,0,0,0,0,80,0,0,82,0,0,0,0,0,0,0,0,0,0,0,0,0,0,0,0,0,68,0,0,82,0,0,0,0,0,0,0,0,0,0,0,0,0,68,0,0,82,0,0,0,68,0,167,0,0,0,0,0,82,0,0,0,0,108,0,0,82,0,0,0,0,0,0,0,0,0,0,0,0,0,0,0,0,0,0,0,0,
0,0,0,0,0,0,0,0,0,0,0,0,0,0,0,0,0,0,68,0,0,82,0,0,0,0,0,0,0,0,0,0,77,69,69,69,103,69,69,73,0,0,90,81,69,69,69,103,69,69,69,69,103,69,69,69,73,0,0,90,81,69,69,73,0,0,0,177,0,202,203,82,0,0,0,0,68,180,0,90,81,69,69,69,69,105,69,78,0,0,0,0,0,0,0,0,0,0,0,0,
0,0,0,0,0,0,0,0,0,0,0,0,0,0,0,0,0,0,68,0,0,82,0,0,0,0,0,0,0,0,0,0,68,0,0,0,0,0,0,0,0,0,0,0,0,0,0,0,0,0,0,0,0,0,177,0,0,0,0,0,0,0,0,0,0,0,0,0,0,0,0,82,0,0,0,0,68,0,0,0,0,0,0,0,0,0,0,70,0,0,0,0,0,0,0,0,0,0,0,0,
0,0,0,0,0,0,0,0,0,0,0,0,0,0,0,0,0,0,68,0,0,82,0,0,0,0,0,0,0,0,0,0,68,0,0,0,0,0,0,0,0,0,0,0,0,0,0,0,0,0,0,0,0,0,0,0,0,0,0,0,0,0,0,0,0,0,0,0,0,0,0,82,0,0,0,0,68,0,0,0,0,0,0,0,0,0,0,82,0,0,0,0,0,0,0,0,0,0,0,0,
0,0,0,0,0,0,0,0,0,0,0,0,0,0,0,0,0,0,68,0,0,82,0,0,0,0,0,0,0,0,0,0,76,71,83,83,83,83,83,88,0,0,0,83,83,83,83,83,83,83,83,83,83,83,83,83,88,0,0,91,83,83,83,88,0,0,0,0,0,202,203,82,0,0,0,0,76,71,83,83,83,83,83,83,88,0,0,82,0,0,0,0,0,0,0,0,0,0,0,0,
0,0,0,0,0,0,0,0,0,0,0,0,0,0,0,0,0,0,68,0,0,82,0,0,0,0,0,0,0,0,0,0,0,0,0,0,0,0,0,80,0,0,82,0,0,0,0,0,0,0,0,0,0,0,0,0,80,0,0,82,0,0,0,80,0,0,0,0,0,0,0,82,0,0,0,0,0,0,0,0,0,0,0,0,80,0,0,82,0,0,0,0,0,0,0,0,0,0,0,0,
0,0,0,0,0,0,0,0,0,0,0,0,0,0,0,0,0,0,68,0,0,82,0,0,0,0,0,0,0,0,0,0,0,0,0,0,0,0,0,68,0,0,82,0,0,0,0,0,0,0,0,0,0,0,0,0,68,0,0,82,0,0,0,106,0,0,0,0,0,0,0,82,0,0,0,0,0,0,0,0,0,0,0,0,68,0,0,82,0,0,0,0,0,0,0,0,0,0,0,0,
0,0,0,0,0,0,0,0,0,0,77,101,101,103,101,101,101,101,73,0,0,90,81,101,103,101,101,78,0,0,0,0,0,0,0,0,0,0,0,68,0,0,82,0,0,0,0,0,0,0,0,0,0,0,0,0,102,0,0,82,0,0,0,108,0,178,0,0,0,202,203,82,0,0,0,0,0,0,0,0,0,0,0,0,68,0,0,82,0,0,0,0,0,0,0,0,0,0,0,0,
0,0,0,0,0,0,0,0,0,0,68,0,0,0,0,0,0,0,0,0,0,0,0,0,0,0,0,70,0,0,0,0,0,0,77,69,69,103,69,73,0,0,90,81,69,69,69,78,0,0,0,0,0,0,0,0,68,0,0,82,0,0,0,68,161,0,0,0,0,0,0,82,0,0,0,0,0,0,0,0,0,0,0,0,102,0,0,82,0,0,0,0,0,0,0,0,0,0,0,0,
0,0,0,0,0,0,0,0,0,0,100,0,164,0,0,0,0,0,0,0,0,0,0,0,0,165,0,82,0,0,0,0,0,0,68,0,0,0,0,0,0,0,0,0,0,0,0,70,0,0,0,0,0,0,0,0,68,0,0,82,0,0,0,102,160,162,0,0,0,0,0,82,0,0,0,0,0,0,0,0,0,0,0,0,68,0,0,82,0,0,0,0,0,0,0,0,0,0,0,0,
0,0,0,0,0,0,0,0,0,0,100,0,0,0,0,0,0,0,0,0,0,0,0,0,0,0,0,82,0,0,0,0,0,0,102,0,0,177,0,0,0,0,0,0,0,0,0,82,0,0,0,0,0,0,0,0,68,0,0,82,0,0,0,68,163,0,0,0,0,202,203,82,0,0,0,0,0,0,0,0,0,0,0,0,68,0,0,82,0,0,0,0,0,0,0,0,0,0,0,0,
0,0,0,0,0,0,0,0,0,0,102,0,0,0,0,0,0,0,0,0,0,0,0,181,0,0,0,82,0,0,0,0,0,0,68,0,0,0,0,0,0,0,0,0,0,0,0,82,0,0,0,0,0,0,0,0,68,0,0,82,0,0,0,68,162,147,0,0,0,183,0,82,0,0,0,0,0,0,0,0,0,0,77,69,73,0,0,90,81,69,69,69,69,69,69,69,69,69,78,0,
0,0,0,0,0,0,0,0,0,0,100,0,136,0,0,75,67,67,67,67,67,67,72,0,0,136,0,82,0,0,0,0,0,0,68,0,0,0,0,0,0,0,181,0,0,0,0,82,0,0,0,0,0,0,0,0,68,0,0,82,0,0,0,68,163,160,162,0,0,0,0,82,0,0,0,0,0,0,0,0,0,0,68,0,0,0,0,0,0,0,0,0,0,0,121,0,0,0,70,0,
0,0,0,0,0,0,0,0,0,0,100,0,0,0,0,74,101,101,101,101,101,101,73,0,0,0,0,82,0,0,0,0,0,0,76,71,83,83,88,51,51,51,51,91,83,83,83,95,0,0,0,0,0,0,0,0,102,0,0,82,0,0,0,76,71,83,83,83,83,83,83,95,0,0,0,0,0,0,0,0,0,0,68,136,0,0,0,0,0,180,0,0,0,0,122,0,151,0,82,0,
0,0,0,0,0,0,0,0,0,0,100,0,0,0,0,0,0,0,0,0,0,177,0,0,0,0,0,82,0,0,0,0,0,0,0,0,0,0,80,0,0,0,0,82,0,0,0,0,0,0,0,0,0,0,0,0,68,0,0,82,0,0,0,0,0,0,0,0,0,0,0,0,0,0,0,0,0,0,0,0,0,0,68,0,0,0,0,0,0,0,0,0,0,0,122,0,0,0,82,0,
0,0,0,0,0,0,0,0,0,0,100,0,132,0,0,0,0,0,0,0,0,0,0,0,0,130,0,82,0,0,0,0,0,0,77,65,65,65,73,51,51,51,51,90,81,81,81,94,0,0,0,0,0,0,0,0,68,0,0,82,0,0,0,0,0,0,0,0,0,0,0,0,0,0,0,0,0,0,0,0,0,0,68,0,0,0,0,0,0,0,0,0,0,0,122,0,195,0,82,0,
0,0,0,0,0,0,0,0,0,0,100,0,0,0,0,0,0,0,0,0,0,0,0,0,0,0,0,82,0,0,0,0,0,0,68,0,0,0,0,0,0,0,0,0,0,0,0,82,0,0,0,0,0,0,0,0,68,0,0,82,0,0,0,0,0,0,0,0,0,0,0,0,0,0,0,0,0,0,0,0,0,0,102,136,0,0,181,0,0,0,0,0,0,0,122,0,194,0,82,0,
0,0,0,0,0,0,0,0,0,0,102,0,0,0,0,75,67,67,67,67,67,67,72,0,0,0,0,82,0,0,0,0,0,0,68,0,0,0,0,0,0,0,0,0,0,0,0,82,0,0,0,0,0,0,0,0,68,0,0,82,0,0,0,0,0,0,0,0,0,0,0,0,0,0,0,0,0,0,0,0,0,0,68,0,0,0,0,0,0,0,0,0,0,179,122,0,0,0,82,0,
0,0,0,0,0,0,0,0,0,0,100,0,136,0,0,74,101,101,101,101,101,101,73,0,0,136,0,82,0,0,0,0,0,0,102,0,0,0,0,180,0,0,0,0,0,0,0,82,0,0,0,0,0,0,0,0,68,0,0,82,0,0,0,0,0,0,0,0,0,0,0,0,0,0,0,0,0,0,0,0,0,0,68,0,0,0,0,0,0,0,0,0,0,0,122,0,167,0,82,0,
0,0,0,0,0,0,0,0,0,0,100,0,0,0,0,176,0,0,0,0,0,0,0,0,0,0,0,82,0,0,0,0,0,0,68,0,0,0,0,0,0,0,0,0,0,0,0,82,0,0,0,0,0,0,0,0,102,0,0,82,0,0,0,0,77,69,69,69,69,103,69,69,69,69,69,78,0,0,0,0,0,0,68,128,0,137,0,0,137,0,0,0,0,0,119,0,0,0,82,0,
0,0,0,0,0,0,0,0,0,0,100,0,0,0,0,0,0,0,0,0,0,0,0,0,0,0,0,82,0,0,0,0,0,0,68,0,0,0,0,0,0,0,0,0,0,0,0,82,0,0,0,0,0,0,0,0,68,0,0,82,0,0,0,0,68,0,205,0,205,0,205,0,205,0,205,70,0,0,0,0,0,0,76,71,83,83,83,83,83,83,88,0,0,0,91,83,83,83,95,0,
0,0,0,0,0,0,0,0,0,0,68,0,148,0,0,0,0,0,0,0,0,0,0,0,0,164,0,82,0,0,0,0,0,0,68,0,0,0,0,0,0,0,0,0,0,0,0,82,0,0,0,0,0,0,0,0,68,0,0,82,0,0,0,0,68,0,204,180,204,0,204,0,204,0,204,82,0,0,0,0,0,0,0,0,0,0,0,0,0,0,80,0,0,0,82,0,0,0,0,0,
0,0,0,0,0,0,0,0,0,0,68,0,0,0,0,0,0,0,0,0,0,0,0,0,0,0,0,82,0,0,0,0,0,0,76,71,83,83,88,0,0,91,83,83,83,83,83,95,0,0,0,0,0,0,0,0,68,0,0,82,0,0,0,0,102,0,0,0,0,0,0,0,0,0,161,82,0,0,0,0,0,0,0,0,0,0,0,0,0,0,68,0,0,0,82,0,0,0,0,0,
0,0,0,0,0,0,0,0,0,0,76,71,83,83,83,83,83,83,83,88,0,0,91,83,83,83,83,95,0,0,0,0,0,0,0,0,0,0,80,0,0,82,0,0,0,0,0,0,0,0,0,0,0,0,0,0,68,0,0,82,0,0,0,0,68,0,167,0,0,0,0,0,0,178,0,82,0,0,0,0,0,0,0,0,0,0,0,0,0,0,68,0,0,0,82,0,0,0,0,0,
0,0,0,0,0,0,0,0,0,0,0,0,0,0,0,0,0,0,0,80,0,0,82,0,0,0,0,0,0,0,0,0,0,0,0,0,0,0,68,0,0,82,0,0,0,0,0,0,0,0,0,0,0,0,0,0,68,0,0,82,0,0,0,0,104,0,0,0,137,0,0,0,137,0,163,82,0,0,0,0,0,0,0,0,0,0,0,0,0,0,102,0,0,0,82,0,0,0,0,0,
0,0,0,0,0,0,0,0,0,0,0,0,0,0,0,0,0,0,0,68,0,0,82,0,0,0,0,0,0,0,0,0,0,0,0,0,0,0,68,0,0,82,0,0,0,0,0,0,0,0,0,0,0,0,0,0,68,0,0,82,0,0,0,0,76,71,83,83,83,88,0,0,91,83,83,95,0,0,0,0,0,0,0,0,0,0,0,0,0,0,68,0,179,0,82,0,0,0,0,0,
0,0,0,0,0,0,0,0,0,0,0,0,0,0,0,0,0,0,0,68,0,0,82,0,0,0,0,0,0,0,0,0,0,0,0,0,0,0,68,0,0,82,0,0,0,0,0,0,0,0,0,0,0,0,0,0,68,0,0,82,0,0,0,0,0,0,0,0,0,80,0,0,82,0,0,0,0,0,0,0,0,0,0,0,0,0,0,0,0,0,68,0,0,0,82,0,0,0,0,0,
0,0,0,0,0,77,65,65,103,65,65,78,0,0,0,0,77,69,69,73,0,0,90,81,69,69,103,69,69,69,69,103,69,69,69,69,103,69,73,0,0,90,81,69,69,69,69,78,0,0,0,0,0,0,0,0,102,0,0,82,0,0,0,0,0,0,0,0,0,68,0,0,82,0,0,0,0,0,0,0,0,0,0,0,77,65,99,65,65,78,77,69,113,69,69,69,78,0,0,0,
0,0,0,0,0,64,0,0,0,176,145,70,0,0,0,0,68,167,0,0,0,0,0,0,0,0,0,0,0,0,0,0,0,0,0,0,0,0,0,0,0,0,0,0,0,0,167,70,0,0,0,0,0,0,0,0,68,0,0,82,0,0,0,0,0,0,0,0,0,68,0,0,82,0,0,0,0,0,0,0,0,0,0,0,68,120,123,123,118,74,73,0,0,0,137,0,70,0,0,0,
0,0,0,0,0,64,0,151,0,0,0,82,0,0,0,0,68,0,0,0,0,0,0,0,0,0,0,0,0,0,0,0,0,0,0,0,0,0,0,0,0,0,127,123,124,0,0,82,0,0,0,0,0,0,0,0,68,0,0,90,81,69,69,69,103,69,69,69,69,73,0,0,90,81,69,69,103,69,69,69,69,103,69,69,73,0,0,0,0,0,0,0,0,0,0,0,82,0,0,0,
0,0,0,0,0,102,0,0,0,0,0,90,81,69,69,69,106,0,178,0,0,165,0,0,0,180,136,0,136,0,136,0,136,0,136,0,136,0,0,0,0,0,122,130,122,0,0,82,0,0,0,0,0,0,0,0,68,0,0,0,0,0,0,0,0,0,0,0,0,0,0,0,0,0,0,0,0,0,0,0,0,0,0,0,0,0,0,0,177,0,0,0,0,0,0,0,82,0,0,0,
0,0,0,0,0,64,0,0,0,0,0,0,0,0,0,0,112,0,0,0,0,0,0,0,0,0,0,0,0,0,0,0,0,0,180,0,0,0,0,0,0,0,126,123,125,0,0,82,0,0,0,0,0,0,0,0,68,0,0,0,0,0,0,179,0,0,0,0,0,0,0,0,0,0,0,0,0,0,0,177,0,0,0,0,0,0,0,0,0,0,0,0,0,0,0,0,82,0,0,0,
0,0,0,0,0,64,202,203,0,0,0,0,0,0,0,0,106,0,0,132,0,0,0,0,0,0,0,0,0,0,0,0,0,0,0,0,0,0,0,177,0,0,0,0,0,0,0,82,0,0,0,0,0,0,0,0,68,0,0,0,0,0,0,0,0,0,0,0,0,0,0,0,0,0,0,0,0,0,0,0,0,0,0,0,0,0,0,0,0,0,0,0,181,0,0,0,82,0,0,0,
0,0,0,0,0,64,0,0,0,0,0,91,83,83,83,83,68,0,0,0,0,0,0,0,0,0,0,0,0,0,0,0,0,0,0,0,0,0,0,0,0,0,0,0,0,0,0,82,0,0,0,0,0,0,0,0,76,71,83,83,83,83,83,88,0,0,91,83,83,83,83,83,83,83,83,83,83,83,83,83,83,83,83,83,88,0,0,179,0,0,0,0,0,0,0,0,82,0,0,0,
0,0,0,0,0,102,164,0,0,162,0,82,0,0,0,0,68,0,0,0,0,0,0,0,0,0,136,0,136,0,136,0,136,0,136,0,136,0,136,0,136,0,136,0,136,0,0,82,0,0,0,0,0,0,0,0,0,0,0,0,0,0,0,80,0,0,82,0,0,0,0,0,0,0,0,0,0,0,0,0,0,0,0,0,80,0,0,0,0,0,0,178,0,0,0,0,82,0,0,0,
0,0,0,0,0,64,0,0,0,160,163,82,0,0,0,0,64,0,0,0,0,0,0,0,0,0,0,0,0,0,0,0,0,0,0,0,0,0,0,0,0,0,178,0,0,0,0,82,0,0,0,0,0,0,0,0,0,0,0,0,0,0,0,68,0,0,82,0,0,0,0,0,0,0,0,0,0,0,0,0,0,0,0,0,80,0,0,0,0,0,0,0,0,0,0,0,82,0,0,0,
0,0,0,0,0,76,71,83,83,83,83,95,0,0,0,0,102,0,0,0,179,0,0,0,0,0,136,0,136,0,136,0,136,0,136,0,136,0,136,0,136,0,136,0,136,0,0,82,0,0,0,0,0,0,0,0,0,0,0,0,0,0,0,68,0,0,82,0,0,0,0,0,0,0,0,0,0,0,0,0,0,0,0,0,68,0,0,0,0,0,0,0,0,0,0,0,82,0,0,0,
0,0,0,0,0,0,0,0,0,0,0,0,0,0,0,0,64,0,0,0,0,0,0,0,0,0,0,0,0,0,0,0,0,0,0,0,0,0,0,0,0,0,0,0,0,0,0,82,0,0,0,0,0,0,0,0,0,0,0,77,69,107,101,73,0,0,90,81,105,107,69,78,0,0,0,0,0,0,0,0,0,0,0,0,68,0,0,0,180,0,0,0,0,0,0,0,82,0,0,0,
0,0,0,0,0,0,0,0,0,0,0,0,0,0,0,0,64,167,0,0,0,0,0,0,0,0,0,0,0,0,0,0,0,0,0,0,0,0,0,0,0,0,0,0,0,0,167,82,0,0,0,0,0,0,0,0,0,0,0,68,160,135,182,0,0,0,0,0,133,150,163,70,0,0,0,0,0,0,0,0,0,0,0,0,68,0,0,0,0,0,0,0,0,0,0,0,82,0,0,0,
0,0,0,0,0,0,0,0,0,0,0,0,0,0,0,0,76,71,83,83,83,83,83,83,83,83,83,83,83,83,83,83,83,83,83,83,83,83,83,83,83,83,83,83,83,83,83,95,0,0,0,0,0,0,0,0,0,0,0,106,0,0,0,0,0,0,0,0,176,0,0,82,0,0,0,0,0,0,0,0,0,0,0,0,102,136,0,0,0,0,0,0,0,177,0,0,82,0,0,0,
0,0,0,0,0,0,0,0,0,0,0,0,0,0,0,0,0,0,0,0,0,0,0,0,0,0,0,0,0,0,0,0,0,0,0,0,0,0,0,0,0,0,0,0,0,0,0,0,0,0,0,0,0,0,0,0,0,0,0,102,202,203,181,0,51,51,51,0,0,0,0,82,0,0,0,0,0,0,0,0,0,0,0,0,68,0,0,0,0,0,0,0,0,0,0,0,82,0,0,0,
0,0,0,0,0,0,0,0,0,0,0,0,0,0,0,0,0,0,0,0,0,0,0,0,0,0,0,0,0,0,0,0,0,0,0,0,0,0,0,0,0,0,0,0,0,0,0,0,0,0,0,0,0,0,0,0,0,0,0,106,0,0,0,0,0,0,0,0,0,148,136,82,0,0,0,0,0,0,0,0,0,0,0,0,104,0,0,0,0,0,0,0,0,0,0,0,82,0,0,0,
0,0,0,0,0,0,0,0,0,0,0,0,0,0,0,0,0,0,0,0,0,0,0,0,0,0,0,0,0,0,0,0,0,0,0,0,0,0,0,0,0,0,0,0,0,0,0,0,0,0,0,0,0,0,0,0,0,0,0,68,151,0,0,0,0,0,0,0,0,0,0,82,0,0,0,0,0,0,0,0,0,0,0,0,68,0,0,0,0,0,0,0,0,0,0,0,82,0,0,0,
0,0,0,0,0,0,0,0,0,0,0,0,0,0,0,0,0,0,0,0,0,0,0,0,0,0,0,0,0,0,0,0,0,0,0,0,0,0,0,0,0,0,0,0,0,0,0,0,0,0,0,0,0,0,0,0,0,0,0,76,71,83,83,83,83,83,83,83,83,83,83,95,0,0,0,0,0,0,0,0,0,0,0,0,76,71,83,83,83,219,0,0,223,83,83,83,95,0,0,0,
0,0,0,0,0,0,0,0,0,0,0,0,0,0,0,0,0,0,0,0,0,0,0,0,0,0,0,0,0,0,0,0,0,0,0,0,0,0,0,0,0,0,0,0,0,0,0,0,0,0,0,0,0,0,0,0,0,0,0,0,0,0,0,0,0,0,0,0,0,0,0,0,0,0,0,0,0,0,0,0,0,0,0,0,0,0,0,0,0,0,0,0,0,0,0,0,0,0,0,0

[layer]
type=collision
data=
3,3,3,3,3,3,3,3,3,3,3,3,3,3,3,3,3,3,3,3,3,3,3,3,3,3,3,3,3,3,3,3,3,3,3,3,3,3,3,3,3,3,3,3,3,3,3,3,3,3,3,3,3,3,3,3,3,3,3,3,1,1,1,1,1,1,1,1,1,3,3,3,3,3,3,3,3,3,3,3,3,3,3,3,3,3,3,3,3,3,3,3,3,3,3,3,3,3,3,3,
3,3,3,3,3,3,3,3,3,3,3,3,3,3,3,3,3,3,3,3,3,3,3,3,3,3,3,3,3,3,3,3,3,3,3,3,3,3,3,3,3,3,3,3,3,3,3,3,3,3,3,3,3,3,3,3,3,3,3,3,1,0,0,0,4,0,0,0,1,3,3,3,3,3,3,3,3,3,3,3,3,3,3,3,3,3,3,3,3,3,3,3,3,3,3,3,3,3,3,3,
3,3,1,1,1,1,1,1,1,1,1,1,1,1,1,3,1,1,1,3,1,1,1,1,1,1,1,1,1,1,1,1,1,3,3,3,3,3,3,3,3,3,3,3,3,3,3,3,3,3,3,3,3,3,3,3,3,3,3,3,1,0,4,0,0,0,0,0,1,3,3,3,3,3,3,3,3,3,3,3,3,3,3,3,3,3,3,3,3,3,3,3,3,3,3,3,3,3,3,3,
3,3,1,0,0,0,1,1,1,1,0,0,0,4,0,0,0,4,0,0,0,0,4,0,0,0,0,0,0,0,4,4,1,3,3,3,3,3,3,3,3,3,3,3,3,3,3,3,3,3,3,3,3,3,3,3,3,3,3,3,1,0,0,0,0,0,0,0,1,3,3,3,3,1,1,1,1,1,1,1,1,1,1,1,1,1,1,1,1,1,1,1,1,1,1,1,1,3,3,3,
3,3,1,0,1,0,1,1,1,1,0,1,0,4,0,0,0,0,0,0,0,0,4,0,4,4,0,4,4,0,0,0,1,3,3,3,3,3,3,3,3,3,3,3,3,3,3,3,3,3,3,3,3,3,3,3,3,3,3,3,1,0,0,0,0,0,4,0,1,3,3,3,3,1,4,0,0,4,0,0,0,0,0,0,4,0,4,0,0,0,0,4,0,0,0,0,1,3,3,3,
3,3,1,0,0,0,1,1,1,1,0,0,0,4,0,0,0,0,0,0,0,0,4,0,0,0,0,0,0,0,0,0,1,3,3,3,3,3,3,3,3,3,3,3,3,3,3,3,3,1,1,1,1,1,1,1,1,1,3,3,1,1,1,1,0,1,1,1,1,3,3,3,3,1,0,1,0,0,0,0,4,0,0,4,0,0,0,0,0,0,0,0,0,0,1,0,1,3,3,3,
3,3,1,0,0,0,1,0,0,1,0,0,0,4,0,0,4,0,0,4,0,0,4,0,4,4,0,4,4,0,0,0,1,3,3,3,3,3,1,1,1,1,1,1,1,1,1,1,1,1,4,0,0,4,0,0,4,1,3,3,3,3,3,1,0,1,3,3,3,3,3,3,3,1,0,0,0,0,0,0,0,0,0,0,0,0,0,0,0,0,0,0,0,0,0,0,1,3,3,3,
3,3,1,0,0,0,0,0,0,0,0,0,0,4,0,0,0,0,0,0,0,0,0,0,0,0,0,0,0,0,0,0,1,3,3,3,3,3,1,0,0,0,0,0,0,0,0,0,0,0,0,0,0,0,0,0,0,1,3,3,3,3,3,1,0,1,3,3,3,3,3,3,3,1,0,0,0,0,0,0,0,0,0,0,0,0,0,0,0,0,0,0,0,0,0,0,1,3,3,3,
3,3,1,0,0,0,0,0,0,0,0,0,0,4,0,0,0,0,0,0,0,0,0,0,0,0,0,0,0,0,0,0,1,3,3,3,3,3,1,0,0,0,0,0,0,0,0,0,0,0,0,0,0,0,0,0,0,1,3,3,3,3,3,1,0,1,3,3,3,3,3,3,3,1,4,0,0,0,0,0,0,0,0,0,0,0,0,0,0,0,0,0,0,0,0,0,1,3,3,3,
3,3,1,0,0,0,0,0,0,0,0,0,0,4,0,0,4,0,0,4,0,0,4,0,4,4,0,4,4,0,0,0,1,1,1,1,1,1,1,0,0,1,1,1,1,1,1,1,1,1,0,0,0,0,0,0,0,1,3,3,3,3,3,1,0,1,3,3,3,3,3,3,3,1,0,0,0,0,0,0,0,0,0,0,0,0,0,0,0,0,0,0,0,0,0,4,1,3,3,3,
3,3,1,0,0,0,0,0,0,0,0,0,0,4,0,0,0,0,0,0,0,0,4,0,0,0,0,0,0,0,0,0,0,0,0,0,0,0,0,0,0,1,3,3,3,3,3,3,3,1,0,0,0,4,0,0,0,1,3,3,3,3,3,1,0,1,3,3,3,3,3,3,3,1,0,4,0,0,0,0,0,0,0,4,0,0,0,0,0,0,0,0,0,0,0,0,1,3,3,3,
3,3,1,0,0,0,0,0,0,0,0,0,0,4,0,0,0,0,0,0,0,0,4,0,4,4,0,4,4,0,0,0,0,0,0,0,0,0,0,0,0,1,3,3,3,3,3,3,3,1,0,0,0,4,0,0,0,1,1,1,1,1,1,1,0,1,1,1,1,1,1,1,1,1,0,0,0,0,0,4,0,0,0,0,0,0,0,4,0,0,0,0,0,0,0,0,1,3,3,3,
3,3,1,0,0,0,0,0,0,0,0,0,0,4,0,0,0,0,0,0,0,0,4,0,0,0,0,0,0,0,0,0,1,1,1,1,1,1,1,0,0,1,3,3,3,3,3,3,3,1,0,0,0,0,0,0,0,0,0,0,0,0,0,0,0,0,0,0,0,0,0,0,0,0,0,0,0,0,0,0,0,0,0,0,0,0,0,0,0,0,0,0,0,0,0,0,1,3,3,3,
3,3,1,0,0,0,0,0,0,0,0,0,0,4,0,4,0,0,0,0,4,0,4,0,0,0,0,0,0,0,0,0,1,3,3,3,3,3,1,0,0,1,3,3,3,3,3,3,3,1,4,0,0,4,0,0,0,0,0,0,0,0,0,0,0,0,0,0,0,0,0,0,0,0,0,0,0,0,0,0,0,0,0,4,0,0,0,0,0,0,0,0,0,0,0,1,1,3,3,3,
3,3,1,1,1,1,0,0,1,1,1,1,1,1,1,1,1,1,1,1,1,1,1,1,1,1,1,1,1,1,1,1,1,3,3,3,3,3,1,0,0,1,3,3,3,3,3,3,3,1,0,0,0,0,0,0,0,1,1,1,1,1,1,1,0,1,1,1,1,1,1,1,1,1,0,0,0,0,0,4,0,0,0,0,0,0,0,4,0,0,0,0,0,0,0,1,1,3,3,3,
3,3,3,3,3,1,0,0,1,3,3,3,3,3,3,3,3,3,3,3,3,3,3,3,3,3,3,3,3,3,3,3,3,3,3,3,3,3,1,0,0,1,3,3,3,3,3,3,3,1,0,0,0,0,0,0,0,1,3,3,3,3,3,1,0,1,3,3,3,3,3,3,3,1,0,0,0,0,0,0,0,0,0,0,0,0,0,0,0,0,0,0,0,0,0,0,1,3,3,3,
3,3,3,3,3,1,0,0,1,3,3,3,3,3,3,3,3,3,3,3,3,3,3,3,3,3,3,3,3,3,3,3,3,3,3,3,3,3,1,0,0,1,3,3,3,3,3,3,3,1,0,0,0,0,0,0,0,1,3,3,3,3,3,1,0,1,3,3,3,3,3,3,3,1,0,4,0,0,0,0,4,0,0,4,0,0,4,0,0,0,0,0,0,0,0,0,1,3,3,3,
3,3,3,3,3,1,0,0,1,3,3,3,3,3,3,3,3,3,3,3,3,3,3,3,3,3,3,3,3,3,3,3,3,3,3,3,1,1,1,0,0,1,1,1,1,1,3,3,3,1,1,1,1,1,0,0,1,1,3,3,3,3,3,1,0,1,3,3,3,3,3,3,3,1,0,0,0,0,0,0,0,0,0,0,0,0,0,0,0,0,0,0,0,0,0,0,1,3,3,3,
3,3,3,3,3,1,0,0,1,3,3,3,3,3,3,3,3,3,3,3,3,3,3,3,3,3,3,3,3,3,3,3,3,3,3,3,1,0,0,0,0,0,0,0,0,1,3,3,3,3,3,3,3,1,0,0,1,3,3,3,3,3,3,1,0,1,3,3,3,3,3,3,3,1,0,0,0,0,0,0,0,0,0,0,0,0,0,0,0,0,0,0,0,0,0,4,1,3,3,3,
3,3,3,3,3,1,0,0,1,3,3,3,3,3,3,3,3,3,3,3,3,3,3,3,3,3,3,3,3,3,3,3,3,3,3,3,1,0,0,0,0,0,0,0,0,1,3,3,3,3,3,3,3,1,0,0,1,3,3,3,1,1,1,1,0,1,1,1,1,3,3,3,3,1,4,0,0,0,0,0,0,0,0,0,0,0,0,0,0,0,0,0,0,0,0,0,1,3,3,3,
3,3,3,3,3,1,0,0,1,3,3,3,3,3,3,3,3,3,3,3,3,3,3,3,3,3,3,3,3,3,3,3,3,3,3,3,1,0,0,0,0,0,0,0,0,1,3,3,3,3,3,3,3,1,0,0,1,3,3,3,1,0,0,0,0,0,0,0,1,3,3,3,3,1,0,4,0,0,0,0,0,0,0,0,0,0,0,0,0,0,0,0,0,0,0,0,1,3,3,3,
3,3,3,3,3,1,0,0,1,3,3,3,3,3,3,3,3,3,3,1,1,1,1,1,1,1,1,1,1,1,1,1,3,3,3,3,1,0,0,2,2,2,2,0,0,1,3,3,3,3,3,3,3,1,0,0,1,3,3,3,1,0,0,0,0,0,4,0,1,3,3,3,3,1,0,0,0,0,0,0,0,0,0,0,0,0,0,0,0,0,0,0,0,0,0,0,1,3,3,3,
3,3,3,3,3,1,0,0,1,3,3,3,3,3,3,3,3,3,3,1,0,2,2,2,2,2,2,2,2,0,0,1,3,3,3,3,1,0,0,2,2,2,2,0,0,1,3,3,3,3,3,3,3,1,0,0,1,3,3,3,1,0,0,0,0,0,0,0,1,3,3,3,3,1,0,0,0,0,0,0,0,0,0,0,0,0,0,0,0,0,0,0,0,0,0,0,1,3,3,3,
3,3,3,3,3,1,0,0,1,3,3,3,3,3,3,3,3,3,3,1,4,2,2,2,2,2,2,2,2,4,0,1,3,3,3,3,1,0,0,2,2,2,2,0,0,1,3,3,3,3,3,3,3,1,0,0,1,3,3,3,1,0,4,0,0,0,0,0,1,3,3,3,3,1,4,1,0,0,0,0,0,0,0,0,0,0,0,0,0,0,0,0,0,0,1,0,1,3,3,3,
3,3,3,3,3,1,0,0,1,3,3,3,3,3,3,3,3,3,3,1,0,2,2,0,1,1,0,2,2,0,0,1,3,3,3,3,1,0,0,2,2,2,2,0,0,1,3,3,3,3,3,3,3,1,0,0,1,3,3,3,1,0,0,0,0,2,0,0,1,3,3,3,3,1,4,4,0,0,4,0,0,0,0,4,0,0,0,0,0,0,4,0,0,0,0,0,1,3,3,3,
3,3,3,3,3,1,0,0,1,3,3,3,3,3,3,3,3,3,3,1,0,2,2,1,1,1,1,2,2,0,0,1,1,1,1,1,1,0,0,2,2,2,2,0,0,1,3,3,3,3,3,3,3,1,0,0,1,3,3,3,1,4,4,4,0,0,0,0,1,3,3,3,3,1,1,1,1,1,1,1,1,1,1,1,1,1,1,0,0,1,1,1,1,1,1,1,1,3,3,3,
3,3,3,3,3,1,0,0,1,3,3,3,3,3,3,3,3,3,3,1,0,2,2,1,1,1,1,2,2,0,0,0,0,0,0,0,0,0,0,2,2,2,2,0,0,1,3,3,3,3,3,3,3,1,0,0,1,3,3,3,1,0,0,0,0,0,0,0,1,3,3,3,3,3,3,3,3,3,3,3,3,3,3,3,3,3,1,0,0,1,3,3,3,3,3,3,3,3,3,3,
3,3,3,3,3,1,0,0,1,3,3,3,3,3,3,3,3,3,3,1,0,2,2,0,1,1,0,2,2,0,0,0,0,0,0,0,0,0,0,2,2,2,2,0,0,1,3,3,3,3,3,3,3,1,0,0,1,3,3,3,1,1,1,1,1,1,1,1,1,3,3,3,3,3,3,3,3,3,3,3,3,3,3,3,3,3,1,0,0,1,3,3,3,3,3,3,3,3,3,3,
3,3,3,3,3,1,0,0,1,3,3,3,3,3,3,3,3,3,3,1,0,2,2,2,2,2,2,2,2,0,0,1,1,1,1,1,1,0,0,2,2,2,2,0,0,1,3,3,3,3,3,3,3,1,0,0,1,3,3,3,3,3,3,3,3,3,3,3,3,3,3,3,3,3,3,3,3,3,3,3,3,3,3,3,3,3,1,0,0,1,3,3,3,3,3,3,3,3,3,3,
3,3,3,3,3,1,0,0,1,3,3,3,3,3,3,3,3,3,3,1,0,2,2,2,2,2,2,2,2,0,0,1,3,3,3,3,1,0,0,2,2,2,2,0,0,1,3,3,3,3,3,3,3,1,0,0,1,3,3,3,3,3,3,3,3,3,3,3,3,3,3,3,3,3,3,3,3,3,3,3,3,3,3,3,3,3,1,0,0,1,3,3,3,3,3,3,3,3,3,3,
3,3,3,3,3,1,0,0,1,3,3,3,3,3,3,3,3,3,3,1,0,0,0,0,0,0,0,0,0,0,0,1,3,3,3,3,1,0,0,2,2,2,2,0,0,1,3,3,3,3,3,3,3,1,0,0,1,3,3,3,3,3,3,3,3,3,3,3,3,3,3,3,3,3,3,3,3,3,3,3,3,3,3,3,3,3,1,0,0,1,3,3,3,3,3,3,3,3,3,3,
3,3,3,3,3,1,0,0,1,3,3,3,3,3,3,3,3,3,3,1,2,0,4,0,0,0,0,0,0,0,0,1,3,3,3,3,1,0,0,0,0,0,0,0,0,1,3,3,3,3,3,3,3,1,0,0,1,3,3,3,3,3,3,3,3,3,3,3,3,3,3,3,3,3,3,3,3,3,3,3,3,3,3,3,3,3,1,0,0,1,3,3,3,3,3,3,3,3,3,3,
3,3,3,3,3,1,0,0,1,3,3,3,3,3,3,3,3,3,3,1,1,1,1,1,0,0,1,1,1,1,1,1,3,3,3,3,1,0,0,0,0,0,0,0,0,1,3,3,3,3,3,3,3,1,0,0,1,3,3,3,3,3,3,3,3,3,3,3,3,3,3,3,3,3,3,3,3,3,3,3,3,3,3,3,3,3,1,0,0,1,3,3,3,3,3,3,3,3,3,3,
3,3,3,3,3,1,0,0,1,3,3,3,3,3,3,3,3,3,3,3,3,3,3,1,0,0,1,3,3,3,3,3,3,3,3,3,1,0,0,0,0,0,0,0,0,1,3,3,3,3,3,3,3,1,0,0,1,3,3,3,3,3,3,3,3,3,3,3,3,3,3,3,3,3,3,3,3,3,3,3,3,3,3,3,3,3,1,0,0,1,3,3,3,3,3,3,3,3,3,3,
3,3,3,3,3,1,0,0,1,3,3,3,3,3,3,3,3,3,3,3,3,3,3,1,0,0,1,3,3,3,3,3,3,3,3,3,1,0,0,0,0,0,0,0,0,1,3,3,3,3,3,3,3,1,0,0,1,3,3,3,3,3,3,3,3,3,3,3,3,3,3,3,3,3,3,3,1,1,1,1,1,1,1,1,1,1,1,0,0,1,3,3,3,3,3,3,3,3,3,3,
3,3,3,3,3,1,0,0,1,3,3,1,1,1,1,1,1,1,1,3,3,3,3,1,0,0,1,3,3,3,3,3,3,3,3,3,1,1,1,1,1,1,1,1,1,1,3,3,3,3,3,3,3,1,0,0,1,3,3,3,3,3,3,1,1,1,1,1,1,1,1,1,3,3,3,3,1,0,0,0,0,0,0,0,0,0,0,0,0,1,3,3,3,3,3,3,3,3,3,3,
3,3,3,3,3,1,0,0,1,3,3,1,0,0,0,0,4,4,1,3,3,3,3,1,0,0,1,3,3,3,3,3,3,3,3,3,3,3,3,3,3,3,3,3,3,3,3,3,3,3,3,3,3,1,0,0,1,3,3,3,3,3,3,1,4,0,0,0,0,0,0,1,3,3,3,3,1,0,0,0,0,0,0,0,0,0,0,0,0,1,3,3,3,3,3,3,3,3,3,3,
3,3,3,3,3,1,0,0,1,3,3,1,0,4,0,4,0,4,1,3,3,3,3,1,0,0,1,3,3,3,3,3,3,3,3,3,3,3,3,3,3,3,3,3,3,3,3,3,3,3,3,3,3,1,0,0,1,3,3,3,3,3,3,1,4,4,0,0,0,0,0,1,3,3,3,3,1,0,0,1,1,1,1,1,1,1,1,1,1,1,3,3,3,3,3,3,3,3,3,3,
3,3,3,3,3,1,0,0,1,1,1,1,0,0,0,0,4,0,1,3,3,3,3,1,0,0,1,3,3,3,3,3,3,3,3,3,3,3,3,3,3,3,3,3,3,3,3,3,3,3,3,3,3,1,0,0,1,3,3,3,3,3,3,1,0,0,0,0,0,4,4,1,3,3,3,3,1,0,0,1,3,3,3,3,3,3,3,3,3,3,3,3,3,3,3,3,3,3,3,3,
3,3,3,3,3,1,0,0,0,0,0,0,0,0,0,0,0,0,1,3,3,3,3,1,0,0,1,3,3,3,3,3,3,3,3,3,3,3,3,3,3,3,3,3,3,3,3,3,3,3,3,3,3,1,0,0,1,3,3,3,3,3,3,1,0,0,0,0,0,0,0,1,3,3,3,3,1,0,0,1,3,3,3,3,3,3,3,3,3,3,3,3,3,3,3,3,3,3,3,3,
3,3,3,3,3,1,0,0,0,0,0,0,0,0,4,0,4,0,1,3,3,3,3,1,0,0,1,3,3,3,3,3,3,3,3,3,3,3,3,3,3,3,3,3,3,3,3,3,3,3,3,3,3,1,0,0,1,1,1,1,1,1,1,1,4,4,0,0,0,0,0,1,3,3,3,3,1,0,0,1,3,3,3,3,3,3,3,3,3,3,3,3,3,3,3,3,3,3,3,3,
3,3,3,3,3,1,0,0,1,1,1,1,0,0,0,0,0,0,1,3,3,3,3,1,0,0,1,3,3,3,3,3,3,3,3,3,3,3,3,3,3,3,3,3,3,3,3,3,3,3,3,3,3,1,0,0,0,0,0,0,0,0,0,0,0,0,0,0,0,4,4,1,3,3,3,3,1,0,0,1,3,3,3,3,3,3,3,3,3,3,3,3,3,3,3,3,3,3,3,3,
3,3,3,3,3,1,0,0,1,3,3,1,0,0,4,0,4,0,1,3,3,3,3,1,0,0,1,3,3,3,3,3,3,3,3,3,3,3,3,3,3,3,3,3,3,3,3,3,3,3,3,3,3,1,0,0,0,0,0,0,0,0,0,0,0,0,4,0,0,0,0,1,3,3,3,3,1,0,0,1,3,3,3,3,3,3,3,3,3,3,3,3,3,3,3,3,3,3,3,3,
3,3,3,3,3,1,0,0,1,3,3,1,0,0,0,0,0,0,1,3,3,3,3,1,0,0,1,3,3,3,3,3,3,3,3,3,3,3,3,3,3,3,3,3,3,3,3,3,3,3,3,3,3,1,1,1,1,0,0,1,1,1,1,1,0,0,0,0,0,0,0,1,3,3,3,3,1,0,0,1,3,3,3,3,3,3,3,3,3,3,3,3,3,3,3,3,3,3,3,3,
3,3,3,3,3,1,0,0,1,3,3,1,0,0,0,0,4,0,1,3,3,3,3,1,0,0,1,3,3,3,3,3,1,1,1,1,1,1,1,1,1,1,1,1,1,3,3,3,3,3,3,3,3,3,3,3,1,0,0,1,3,3,3,1,4,4,0,0,0,4,4,1,3,3,3,3,1,0,0,1,3,3,3,3,3,3,3,3,3,3,3,3,3,3,3,3,3,3,3,3,
3,3,3,3,3,1,0,0,1,3,3,1,4,4,0,4,0,4,1,3,3,3,3,1,0,0,1,3,3,3,3,3,1,4,0,0,0,0,0,0,0,0,0,0,1,3,3,3,3,3,3,3,3,3,3,3,1,0,0,1,3,3,3,1,4,0,0,0,0,0,0,1,3,3,3,3,1,0,0,1,3,3,3,3,3,3,3,3,3,3,3,3,3,3,3,3,3,3,3,3,
3,3,3,3,3,1,0,0,1,3,3,1,0,0,0,0,0,4,1,3,3,3,3,1,0,0,1,1,1,1,1,1,1,4,4,4,4,4,4,4,4,4,4,0,1,3,3,3,3,3,3,3,3,3,3,3,1,0,0,1,3,3,3,1,0,0,0,0,0,0,0,1,3,3,3,3,1,0,0,1,3,3,3,3,3,3,3,3,3,3,3,3,3,3,3,3,3,3,3,3,
3,3,3,3,3,1,0,0,1,3,3,1,1,1,1,1,1,1,1,3,3,3,3,1,0,0,0,0,0,0,0,0,0,0,0,0,0,0,0,0,0,0,4,0,1,3,3,3,3,3,3,3,3,3,3,3,1,0,0,1,3,3,3,1,4,4,0,0,0,4,4,1,3,3,3,3,1,0,0,1,3,3,3,3,3,3,3,3,3,3,3,3,3,3,3,3,3,3,3,3,
3,3,3,3,3,1,0,0,1,3,3,3,3,3,3,3,3,3,3,3,3,3,3,1,0,0,0,0,0,0,0,0,0,0,0,1,0,0,0,0,1,0,4,0,1,3,3,3,3,3,3,3,3,3,3,3,1,0,0,1,3,3,3,1,4,0,0,0,0,0,4,1,3,3,3,3,1,0,0,1,3,3,3,3,3,3,3,3,3,3,3,3,3,3,3,3,3,3,3,3,
3,3,3,3,3,1,0,0,1,3,3,3,3,3,3,3,3,3,3,3,3,3,3,1,1,1,1,1,1,1,1,1,1,0,0,0,0,0,0,0,0,0,4,0,1,3,3,3,3,3,3,3,3,3,3,3,1,0,0,1,3,3,3,1,1,1,1,1,1,1,1,1,3,3,3,3,1,0,0,1,3,3,3,3,3,3,3,3,3,3,3,3,3,3,3,3,3,3,3,3,
3,3,3,3,3,1,0,0,1,3,3,3,3,3,3,3,3,3,3,3,3,3,3,3,3,3,3,3,3,3,3,3,1,4,4,4,4,4,4,0,0,0,4,0,1,3,3,3,3,3,3,3,3,3,3,3,1,0,0,1,3,3,3,3,3,3,3,3,3,3,3,3,3,3,3,3,1,0,0,1,3,3,3,3,3,3,3,3,3,3,3,3,3,3,3,3,3,3,3,3,
3,3,3,3,3,1,0,0,1,1,1,1,1,1,1,1,1,1,1,1,1,1,3,3,3,3,3,3,3,3,3,3,1,4,0,0,0,0,4,0,0,0,4,4,1,3,3,3,3,3,3,3,3,3,3,3,1,0,0,1,3,3,3,3,3,3,3,3,3,3,3,3,3,3,3,3,1,0,0,1,3,3,3,3,3,3,3,3,3,3,3,3,3,3,3,3,3,3,3,3,
3,3,3,3,3,1,0,0,0,0,0,0,0,0,0,0,0,0,0,0,0,1,3,3,3,3,3,3,3,3,3,3,1,1,1,1,1,1,1,1,0,0,1,1,1,3,3,3,3,3,3,3,3,3,3,3,1,0,0,1,3,3,3,3,3,3,3,3,3,3,3,3,3,3,3,3,1,0,0,1,3,3,3,3,3,3,3,3,3,3,3,3,3,3,3,3,3,3,3,3,
3,3,3,3,3,1,0,0,0,0,0,0,0,0,0,0,0,0,0,0,0,1,3,3,3,3,3,3,3,3,3,3,3,3,3,3,3,3,3,1,0,0,1,3,3,3,3,3,3,3,3,3,3,3,3,3,1,0,0,1,3,3,3,1,1,1,1,1,1,1,1,1,3,3,3,3,1,0,0,1,3,3,3,3,3,3,3,3,3,3,3,3,3,3,3,3,3,3,3,3,
3,3,3,3,3,1,1,1,1,1,1,1,1,1,1,1,1,1,1,0,0,1,3,3,3,3,3,3,3,3,3,3,3,3,3,3,3,3,3,1,0,0,1,3,3,3,3,3,3,3,3,3,3,3,3,3,1,0,0,1,3,3,3,1,0,0,0,0,0,0,0,1,3,3,3,3,1,0,0,1,3,3,3,3,3,3,3,3,3,3,3,3,3,3,3,3,3,3,3,3,
3,3,3,3,3,3,3,3,3,3,3,3,3,3,3,3,3,3,1,0,0,1,3,3,3,3,3,3,3,3,3,3,3,3,3,3,3,3,3,1,0,0,1,3,3,3,3,3,3,3,3,3,3,3,3,3,1,0,0,1,3,3,3,1,0,4,0,0,0,0,0,1,3,3,3,3,1,0,0,1,3,3,3,3,3,3,3,3,3,3,3,3,3,3,3,3,3,3,3,3,
3,3,3,3,3,3,3,3,3,3,3,3,3,3,3,3,3,3,1,0,0,1,3,3,3,3,3,3,3,3,3,3,1,1,1,1,1,1,1,1,0,0,1,1,1,1,1,1,1,1,1,1,1,1,1,1,1,0,0,1,1,1,1,1,0,0,0,0,0,4,4,1,3,3,3,3,1,0,0,1,1,1,1,1,1,1,1,1,3,3,3,3,3,3,3,3,3,3,3,3,
3,3,3,3,3,3,3,3,3,3,3,3,3,3,3,3,3,3,1,0,0,1,3,3,3,3,3,3,3,3,3,3,1,0,0,0,0,0,0,0,0,0,0,0,0,0,0,0,0,0,0,0,0,0,0,0,0,0,0,0,0,0,0,0,0,0,0,0,0,0,0,1,3,3,3,3,1,0,0,0,0,0,0,0,0,0,0,1,3,3,3,3,3,3,3,3,3,3,3,3,
3,3,3,3,3,3,3,3,3,3,3,3,3,3,3,3,3,3,1,0,0,1,3,3,3,3,3,3,3,3,3,3,1,0,0,0,0,0,0,0,0,0,0,0,0,0,0,0,0,0,0,0,0,0,0,0,0,0,0,0,0,0,0,0,0,0,0,0,0,0,0,1,3,3,3,3,1,0,0,0,0,0,0,0,0,0,0,1,3,3,3,3,3,3,3,3,3,3,3,3,
3,3,3,3,3,3,3,3,3,3,3,3,3,3,3,3,3,3,1,0,0,1,3,3,3,3,3,3,3,3,3,3,1,1,1,1,1,1,1,1,0,0,1,1,1,1,1,1,1,1,1,1,1,1,1,1,1,0,0,1,1,1,1,1,0,0,0,0,0,4,4,1,3,3,3,3,1,1,1,1,1,1,1,1,1,0,0,1,3,3,3,3,3,3,3,3,3,3,3,3,
3,3,3,3,3,3,3,3,3,3,3,3,3,3,3,3,3,3,1,0,0,1,3,3,3,3,3,3,3,3,3,3,3,3,3,3,3,3,3,1,0,0,1,3,3,3,3,3,3,3,3,3,3,3,3,3,1,0,0,1,3,3,3,1,0,0,0,0,0,0,0,1,3,3,3,3,3,3,3,3,3,3,3,3,1,0,0,1,3,3,3,3,3,3,3,3,3,3,3,3,
3,3,3,3,3,3,3,3,3,3,3,3,3,3,3,3,3,3,1,0,0,1,3,3,3,3,3,3,3,3,3,3,3,3,3,3,3,3,3,1,0,0,1,3,3,3,3,3,3,3,3,3,3,3,3,3,1,0,0,1,3,3,3,1,0,0,0,0,0,0,0,1,3,3,3,3,3,3,3,3,3,3,3,3,1,0,0,1,3,3,3,3,3,3,3,3,3,3,3,3,
3,3,3,3,3,3,3,3,3,3,1,1,1,1,1,1,1,1,1,0,0,1,1,1,1,1,1,1,3,3,3,3,3,3,3,3,3,3,3,1,0,0,1,3,3,3,3,3,3,3,3,3,3,3,3,3,1,0,0,1,3,3,3,1,0,0,0,0,0,4,4,1,3,3,3,3,3,3,3,3,3,3,3,3,1,0,0,1,3,3,3,3,3,3,3,3,3,3,3,3,
3,3,3,3,3,3,3,3,3,3,1,0,0,0,0,0,0,0,0,0,0,0,0,0,0,0,0,1,3,3,3,3,3,3,1,1,1,1,1,1,0,0,1,1,1,1,1,1,3,3,3,3,3,3,3,3,1,0,0,1,3,3,3,1,4,0,0,0,0,0,0,1,3,3,3,3,3,3,3,3,3,3,3,3,1,0,0,1,3,3,3,3,3,3,3,3,3,3,3,3,
3,3,3,3,3,3,3,3,3,3,1,0,4,0,0,0,0,0,0,0,0,0,0,0,0,4,0,1,3,3,3,3,3,3,1,0,0,0,0,0,0,0,0,0,0,0,0,1,3,3,3,3,3,3,3,3,1,0,0,1,3,3,3,1,4,4,0,0,0,0,0,1,3,3,3,3,3,3,3,3,3,3,3,3,1,0,0,1,3,3,3,3,3,3,3,3,3,3,3,3,
3,3,3,3,3,3,3,3,3,3,1,0,0,0,0,0,0,0,0,0,0,0,0,0,0,0,0,1,3,3,3,3,3,3,1,0,0,0,0,0,0,0,0,0,0,0,0,1,3,3,3,3,3,3,3,3,1,0,0,1,3,3,3,1,4,0,0,0,0,4,4,1,3,3,3,3,3,3,3,3,3,3,3,3,1,0,0,1,3,3,3,3,3,3,3,3,3,3,3,3,
3,3,3,3,3,3,3,3,3,3,1,0,0,0,0,0,0,0,0,0,0,0,0,0,0,0,0,1,3,3,3,3,3,3,1,0,0,0,0,0,0,0,0,0,0,0,0,1,3,3,3,3,3,3,3,3,1,0,0,1,3,3,3,1,4,0,0,0,0,0,0,1,3,3,3,3,3,3,3,3,3,3,1,1,1,0,0,1,1,1,1,1,1,1,1,1,1,1,1,3,
3,3,3,3,3,3,3,3,3,3,1,0,4,0,0,1,1,1,1,1,1,1,1,0,0,4,0,1,3,3,3,3,3,3,1,0,0,0,0,0,0,0,0,0,0,0,0,1,3,3,3,3,3,3,3,3,1,0,0,1,3,3,3,1,4,4,4,0,0,0,0,1,3,3,3,3,3,3,3,3,3,3,1,0,0,0,0,0,0,0,0,0,0,0,4,0,0,0,1,3,
3,3,3,3,3,3,3,3,3,3,1,0,0,0,0,1,1,1,1,1,1,1,1,0,0,0,0,1,3,3,3,3,3,3,1,1,1,1,1,0,0,0,0,1,1,1,1,1,3,3,3,3,3,3,3,3,1,0,0,1,3,3,3,1,1,1,1,1,1,1,1,1,3,3,3,3,3,3,3,3,3,3,1,4,0,0,0,0,0,0,0,0,0,0,4,0,4,0,1,3,
3,3,3,3,3,3,3,3,3,3,1,0,0,0,0,0,0,0,0,0,0,0,0,0,0,0,0,1,3,3,3,3,3,3,3,3,3,3,1,2,2,2,2,1,3,3,3,3,3,3,3,3,3,3,3,3,1,0,0,1,3,3,3,3,3,3,3,3,3,3,3,3,3,3,3,3,3,3,3,3,3,3,1,0,0,0,0,0,0,0,0,0,0,0,4,0,0,0,1,3,
3,3,3,3,3,3,3,3,3,3,1,0,4,0,0,0,0,0,0,0,0,0,0,0,0,1,0,1,3,3,3,3,3,3,1,1,1,1,1,0,0,0,0,1,1,1,1,1,3,3,3,3,3,3,3,3,1,0,0,1,3,3,3,3,3,3,3,3,3,3,3,3,3,3,3,3,3,3,3,3,3,3,1,0,0,0,0,0,0,0,0,0,0,0,4,4,4,0,1,3,
3,3,3,3,3,3,3,3,3,3,1,0,0,0,0,0,0,0,0,0,0,0,0,0,0,0,0,1,3,3,3,3,3,3,1,0,0,0,0,0,0,0,0,0,0,0,0,1,3,3,3,3,3,3,3,3,1,0,0,1,3,3,3,3,3,3,3,3,3,3,3,3,3,3,3,3,3,3,3,3,3,3,1,4,0,0,0,0,0,0,0,0,0,0,4,4,4,0,1,3,
3,3,3,3,3,3,3,3,3,3,1,0,0,0,0,1,1,1,1,1,1,1,1,0,0,0,0,1,3,3,3,3,3,3,1,0,0,0,0,0,0,0,0,0,0,0,0,1,3,3,3,3,3,3,3,3,1,0,0,1,3,3,3,3,3,3,3,3,3,3,3,3,3,3,3,3,3,3,3,3,3,3,1,0,0,0,0,0,0,0,0,0,0,0,4,0,0,0,1,3,
3,3,3,3,3,3,3,3,3,3,1,0,4,0,0,1,1,1,1,1,1,1,1,0,0,4,0,1,3,3,3,3,3,3,1,0,0,0,0,0,0,0,0,0,0,0,0,1,3,3,3,3,3,3,3,3,1,0,0,1,3,3,3,3,3,3,3,3,3,3,3,3,3,3,3,3,3,3,3,3,3,3,1,0,0,0,0,0,0,0,0,0,0,0,4,0,4,0,1,3,
3,3,3,3,3,3,3,3,3,3,1,0,0,0,0,0,0,0,0,0,0,0,0,0,0,0,0,1,3,3,3,3,3,3,1,0,0,0,0,0,0,0,0,0,0,0,0,1,3,3,3,3,3,3,3,3,1,0,0,1,3,3,3,3,1,1,1,1,1,1,1,1,1,1,1,1,3,3,3,3,3,3,1,1,0,4,0,0,4,0,0,0,0,0,4,0,0,0,1,3,
3,3,3,3,3,3,3,3,3,3,1,0,0,0,0,0,0,0,0,0,0,0,0,0,0,0,0,1,3,3,3,3,3,3,1,0,0,0,0,0,0,0,0,0,0,0,0,1,3,3,3,3,3,3,3,3,1,0,0,1,3,3,3,3,1,0,4,0,4,0,4,0,4,0,4,1,3,3,3,3,3,3,1,1,1,1,1,1,1,1,1,0,0,0,1,1,1,1,1,3,
3,3,3,3,3,3,3,3,3,3,1,0,4,0,0,0,0,0,0,0,0,0,0,0,0,4,0,1,3,3,3,3,3,3,1,0,0,0,0,0,0,0,0,0,0,0,0,1,3,3,3,3,3,3,3,3,1,0,0,1,3,3,3,3,1,0,4,0,4,0,4,0,4,0,4,1,3,3,3,3,3,3,3,3,3,3,3,3,3,3,1,0,0,0,1,3,3,3,3,3,
3,3,3,3,3,3,3,3,3,3,1,0,0,0,0,0,0,0,0,0,0,0,0,0,0,0,0,1,3,3,3,3,3,3,1,1,1,1,1,0,0,1,1,1,1,1,1,1,3,3,3,3,3,3,3,3,1,0,0,1,3,3,3,3,1,0,0,0,0,0,0,0,0,0,4,1,3,3,3,3,3,3,3,3,3,3,3,3,3,3,1,0,0,0,1,3,3,3,3,3,
3,3,3,3,3,3,3,3,3,3,1,1,1,1,1,1,1,1,1,1,0,0,1,1,1,1,1,1,3,3,3,3,3,3,3,3,3,3,1,0,0,1,3,3,3,3,3,3,3,3,3,3,3,3,3,3,1,0,0,1,3,3,3,3,1,0,4,0,0,0,0,0,0,0,0,1,3,3,3,3,3,3,3,3,3,3,3,3,3,3,1,0,0,0,1,3,3,3,3,3,
3,3,3,3,3,3,3,3,3,3,3,3,3,3,3,3,3,3,3,1,0,0,1,3,3,3,3,3,3,3,3,3,3,3,3,3,3,3,1,0,0,1,3,3,3,3,3,3,3,3,3,3,3,3,3,3,1,0,0,1,3,3,3,3,1,0,0,0,4,0,0,0,4,0,4,1,3,3,3,3,3,3,3,3,3,3,3,3,3,3,1,0,0,0,1,3,3,3,3,3,
3,3,3,3,3,3,3,3,3,3,3,3,3,3,3,3,3,3,3,1,0,0,1,3,3,3,3,3,3,3,3,3,3,3,3,3,3,3,1,0,0,1,3,3,3,3,3,3,3,3,3,3,3,3,3,3,1,0,0,1,3,3,3,3,1,1,1,1,1,1,0,0,1,1,1,1,3,3,3,3,3,3,3,3,3,3,3,3,3,3,1,0,0,0,1,3,3,3,3,3,
3,3,3,3,3,3,3,3,3,3,3,3,3,3,3,3,3,3,3,1,0,0,1,3,3,3,3,3,3,3,3,3,3,3,3,3,3,3,1,0,0,1,3,3,3,3,3,3,3,3,3,3,3,3,3,3,1,0,0,1,3,3,3,3,3,3,3,3,3,1,0,0,1,3,3,3,3,3,3,3,3,3,3,3,3,3,3,3,3,3,1,0,0,0,1,3,3,3,3,3,
3,3,3,3,3,1,1,1,1,1,1,1,3,3,3,3,1,1,1,1,0,0,1,1,1,1,1,1,1,1,1,1,1,1,1,1,1,1,1,0,0,1,1,1,1,1,1,1,3,3,3,3,3,3,3,3,1,0,0,1,3,3,3,3,3,3,3,3,3,1,0,0,1,3,3,3,3,3,3,3,3,3,3,3,1,1,1,1,1,1,1,1,0,1,1,1,1,3,3,3,
3,3,3,3,3,1,0,0,0,0,4,1,3,3,3,3,1,4,0,0,0,0,0,0,0,0,0,0,0,0,0,0,0,0,0,0,0,0,0,0,0,0,0,0,0,0,4,1,3,3,3,3,3,3,3,3,1,0,0,1,3,3,3,3,3,3,3,3,3,1,0,0,1,3,3,3,3,3,3,3,3,3,3,3,1,4,4,4,4,1,1,0,0,0,4,0,1,3,3,3,
3,3,3,3,3,1,0,4,0,0,0,1,3,3,3,3,1,0,0,0,0,0,0,0,0,0,0,0,0,0,0,0,0,0,0,0,0,0,0,0,0,0,4,4,4,0,0,1,3,3,3,3,3,3,3,3,1,0,0,1,1,1,1,1,1,1,1,1,1,1,0,0,1,1,1,1,1,1,1,1,1,1,1,1,1,0,0,0,0,0,0,0,0,0,0,0,1,3,3,3,
3,3,3,3,3,1,0,0,0,0,0,1,1,1,1,1,1,0,0,0,0,4,0,0,0,0,4,0,4,0,4,0,4,0,4,0,4,0,0,0,0,0,4,1,4,0,0,1,3,3,3,3,3,3,3,3,1,0,0,0,0,0,0,0,0,0,0,0,0,0,0,0,0,0,0,0,0,0,0,0,0,0,0,0,0,0,0,0,0,0,0,0,0,0,0,0,1,3,3,3,
3,3,3,3,3,1,0,0,0,0,0,0,0,0,0,0,0,0,0,0,0,0,0,0,0,0,0,0,0,0,0,0,0,0,0,0,0,0,0,0,0,0,4,4,4,0,0,1,3,3,3,3,3,3,3,3,1,0,0,0,0,0,0,0,0,0,0,0,0,0,0,0,0,0,0,0,0,0,0,0,0,0,0,0,0,0,0,0,0,0,0,0,0,0,0,0,1,3,3,3,
3,3,3,3,3,1,4,4,0,0,0,0,0,0,0,0,1,0,0,4,0,0,0,0,0,0,0,0,0,0,0,0,0,0,0,0,0,0,0,0,0,0,0,0,0,0,0,1,3,3,3,3,3,3,3,3,1,0,0,0,0,0,0,0,0,0,0,0,0,0,0,0,0,0,0,0,0,0,0,0,0,0,0,0,0,0,0,0,0,0,0,0,0,0,0,0,1,3,3,3,
3,3,3,3,3,1,0,0,0,0,0,1,1,1,1,1,1,0,0,0,0,0,0,0,0,0,0,0,0,0,0,0,0,0,0,0,0,0,0,0,0,0,0,0,0,0,0,1,3,3,3,3,3,3,3,3,1,1,1,1,1,1,1,1,0,0,1,1,1,1,1,1,1,1,1,1,1,1,1,1,1,1,1,1,1,0,0,0,0,0,0,0,0,0,0,0,1,3,3,3,
3,3,3,3,3,1,4,0,0,4,0,1,3,3,3,3,1,0,0,0,0,0,0,0,0,0,4,0,4,0,4,0,4,0,4,0,4,0,4,0,4,0,4,0,4,0,0,1,3,3,3,3,3,3,3,3,3,3,3,3,3,3,3,1,0,0,1,3,3,3,3,3,3,3,3,3,3,3,3,3,3,3,3,3,1,0,0,0,0,0,0,0,0,0,0,0,1,3,3,3,
3,3,3,3,3,1,0,0,0,4,4,1,3,3,3,3,1,0,0,0,0,0,0,0,0,0,0,0,0,0,0,0,0,0,0,0,0,0,0,0,0,0,0,0,0,0,0,1,3,3,3,3,3,3,3,3,3,3,3,3,3,3,3,1,0,0,1,3,3,3,3,3,3,3,3,3,3,3,3,3,3,3,3,3,1,0,0,0,0,0,0,0,0,0,0,0,1,3,3,3,
3,3,3,3,3,1,1,1,1,1,1,1,3,3,3,3,1,0,0,0,0,0,0,0,0,0,4,0,4,0,4,0,4,0,4,0,4,0,4,0,4,0,4,0,4,0,0,1,3,3,3,3,3,3,3,3,3,3,3,3,3,3,3,1,0,0,1,3,3,3,3,3,3,3,3,3,3,3,3,3,3,3,3,3,1,0,0,0,0,0,0,0,0,0,0,0,1,3,3,3,
3,3,3,3,3,3,3,3,3,3,3,3,3,3,3,3,1,0,0,0,0,0,0,0,0,0,0,0,0,0,0,0,0,0,0,0,0,0,0,0,0,0,0,0,0,0,0,1,3,3,3,3,3,3,3,3,3,3,3,1,1,1,1,1,0,0,1,1,1,1,1,1,3,3,3,3,3,3,3,3,3,3,3,3,1,0,0,0,0,0,0,0,0,0,0,0,1,3,3,3,
3,3,3,3,3,3,3,3,3,3,3,3,3,3,3,3,1,4,0,0,0,0,0,0,0,0,0,0,0,0,0,0,0,0,0,0,0,0,0,0,0,0,0,0,0,0,4,1,3,3,3,3,3,3,3,3,3,3,3,1,4,4,0,0,0,0,0,0,4,0,4,1,3,3,3,3,3,3,3,3,3,3,3,3,1,0,0,0,0,0,0,0,0,0,0,0,1,3,3,3,
3,3,3,3,3,3,3,3,3,3,3,3,3,3,3,3,1,1,1,1,1,1,1,1,1,1,1,1,1,1,1,1,1,1,1,1,1,1,1,1,1,1,1,1,1,1,1,1,3,3,3,3,3,3,3,3,3,3,3,1,0,0,0,0,0,0,0,0,0,0,0,1,3,3,3,3,3,3,3,3,3,3,3,3,1,4,0,0,0,0,0,0,0,0,0,0,1,3,3,3,
3,3,3,3,3,3,3,3,3,3,3,3,3,3,3,3,3,3,3,3,3,3,3,3,3,3,3,3,3,3,3,3,3,3,3,3,3,3,3,3,3,3,3,3,3,3,3,3,3,3,3,3,3,3,3,3,3,3,3,1,4,4,0,0,0,0,0,0,0,0,0,1,3,3,3,3,3,3,3,3,3,3,3,3,1,0,0,0,0,0,0,0,0,0,0,0,1,3,3,3,
3,3,3,3,3,3,3,3,3,3,3,3,3,3,3,3,3,3,3,3,3,3,3,3,3,3,3,3,3,3,3,3,3,3,3,3,3,3,3,3,3,3,3,3,3,3,3,3,3,3,3,3,3,3,3,3,3,3,3,1,0,0,0,0,0,0,0,0,0,0,4,1,3,3,3,3,3,3,3,3,3,3,3,3,1,0,0,0,0,0,0,0,0,0,0,0,1,3,3,3,
3,3,3,3,3,3,3,3,3,3,3,3,3,3,3,3,3,3,3,3,3,3,3,3,3,3,3,3,3,3,3,3,3,3,3,3,3,3,3,3,3,3,3,3,3,3,3,3,3,3,3,3,3,3,3,3,3,3,3,1,4,0,0,0,0,0,0,0,0,0,0,1,3,3,3,3,3,3,3,3,3,3,3,3,1,0,0,0,0,0,0,0,0,0,0,0,1,3,3,3,
3,3,3,3,3,3,3,3,3,3,3,3,3,3,3,3,3,3,3,3,3,3,3,3,3,3,3,3,3,3,3,3,3,3,3,3,3,3,3,3,3,3,3,3,3,3,3,3,3,3,3,3,3,3,3,3,3,3,3,1,1,1,1,1,1,1,1,1,1,1,1,1,3,3,3,3,3,3,3,3,3,3,3,3,1,1,1,1,1,1,0,0,1,1,1,1,1,3,3,3,
3,3,3,3,3,3,3,3,3,3,3,3,3,3,3,3,3,3,3,3,3,3,3,3,3,3,3,3,3,3,3,3,3,3,3,3,3,3,3,3,3,3,3,3,3,3,3,3,3,3,3,3,3,3,3,3,3,3,3,3,3,3,3,3,3,3,3,3,3,3,3,3,3,3,3,3,3,3,3,3,3,3,3,3,3,3,3,3,3,3,3,3,3,3,3,3,3,3,3,3

[enemy]
type=goblin_charger
location=12,40,1,1

[enemy]
type=goblin
location=14,44,1,1

[enemy]
type=miner
location=93,18,1,1

[enemy]
type=goblin_spearman
location=22,84,1,1

[enemy]
type=goblin_charger
location=22,83,1,1

[enemy]
type=rilrak
location=35,51,1,1

[enemy]
type=rilrak
location=95,73,1,1

[enemy]
type=goblin_charger
location=65,75,1,1

[enemy]
type=goblin_charger
location=44,73,1,1

[enemy]
type=goblin
location=60,42,1,1

[enemy]
type=goblin_charger
location=69,57,1,1

[enemy]
type=goblin_charger
location=69,63,1,1

[enemy]
type=goblin_spearman
location=21,8,1,1

[enemy]
type=goblin_shaman
location=83,11,1,1

[enemy]
type=goblin_charger
location=72,78,1,1

[enemy]
type=antlion_burster
location=5,3,1,1

[enemy]
type=goblin_charger
location=54,7,1,1

[enemy]
type=goblin
location=13,44,1,1

[enemy]
type=goblin
location=15,38,1,1

[enemy]
type=goblin
location=54,30,1,1

[enemy]
type=zombie
location=76,23,1,1

[enemy]
type=goblin_charger
location=69,75,1,1

[enemy]
type=zombie
location=82,7,1,1

[enemy]
type=goblin_charger
location=37,74,1,1

[enemy]
type=rilrak
location=25,65,1,1

[enemy]
type=miner
location=94,21,1,1

[enemy]
type=zombie
location=76,7,1,1

[enemy]
type=goblin
location=15,40,1,1

[enemy]
type=goblin
location=15,42,1,1

[enemy]
type=antlion_blinker
location=44,34,1,1

[enemy]
type=goblin_charger
location=39,84,1,1

[enemy]
type=rilrak
location=43,48,1,1

[enemy]
type=goblin_charger
location=6,48,1,1

[enemy]
type=goblin
location=57,74,1,1

[enemy]
type=miner
location=91,19,1,1

[enemy]
type=goblin
location=36,72,1,1

[enemy]
type=goblin_charger
location=36,65,1,1

[enemy]
type=rilrak
location=20,11,1,1

[enemy]
type=zombie
location=77,21,1,1

[enemy]
type=goblin_charger
location=77,40,0

[enemy]
type=goblin_spearman
location=20,4,1,1

[enemy]
type=goblin
location=36,74,1,1

[enemy]
type=goblin_shaman
location=53,7,1,1

[enemy]
type=rilrak
location=14,8,1,1

[enemy]
type=goblin_charger
location=22,30,1,1

[enemy]
type=goblin
location=37,73,1,1

[enemy]
type=goblin_spearman
location=44,7,1,1

[enemy]
type=goblin_charger
location=35,26,1,1

[enemy]
type=goblin_charger
location=24,43,1,1

[enemy]
type=goblin_spearman
location=86,85,1,1

[enemy]
type=goblin_charger
location=86,87,1,1

[enemy]
type=goblin
location=40,73,1,1

[enemy]
type=miner
location=89,6,1,1

[enemy]
type=goblin
location=64,54,1,1

[enemy]
type=goblin_charger
location=70,58,1,1

[enemy]
type=goblin_charger
location=87,86,1,1

[enemy]
type=antlion_blinker
location=6,83,1,1

[enemy]
type=goblin
location=34,57,1,1

[enemy]
type=rilrak
location=36,45,1,1

[enemy]
type=antlion_blinker
location=8,90,1,1

[enemy]
type=goblin
location=14,38,1,1

[enemy]
type=goblin
location=44,66,1,1

[enemy]
type=zombie
location=91,11,1,1

[event]
msg='...I found the second symbol on South...'
mapmod=object,12,76,164
type=on_trigger
repeat=false
location=13,76,1,1
hotspot=location

[event]
soundfx=soundfx/powers/teleport.ogg
mapmod=object,17,8,265;object,69,93,166
hotspot=location
location=69,93,1,1
requires_not_status=barrack_teleport_on
set_status=barrack_teleport_on
type=on_trigger
repeat=false

[event]
hotspot=location
location=69,93,1,1
type=on_load
requires_status=barrack_teleport_on
mapmod=object,17,8,265;object,69,93,166

[event]
hotspot=location
location=17,7,2,2
type=on_trigger
intermap=maps/floor.txt,6,54
requires_status=barrack_teleport_on

[event]
soundfx=soundfx/inventory/inventory_page.ogg
hotspot=location
location=69,96,1,1
msg='...wi are under attack. I have to switch off the teleport. I affraid not enough to stop them...'
type=on_trigger
repeat=false
mapmod=object,69,96,164

[event]
type=on_trigger
intermap=maps/bridge.txt,9,1
location=90,98,2,1

[event]
mapmod=collision,39,69,0;collision,40,69,0;collision,41,69,0;collision,42,69,0;object,39,69,51;object,40,69,51;object,41,69,51;object,42,69,51;object,67,25,150
hotspot=location
location=67,25,1,1
requires_not_status=barrack_bridge
set_status=barrack_bridge
type=on_trigger
repeat=false

[event]
mapmod=collision,39,69,0;collision,40,69,0;collision,41,69,0;collision,42,69,0;object,39,69,51;object,40,69,51;object,41,69,51;object,42,69,51;object,67,25,150
requires_status=barrack_bridge
type=on_load
location=67,25,1,1
hotspot=location

[event]
soundfx=soundfx/wood_open.ogg
mapmod=object,20,25,161
hotspot=location
location=20,25,1,2
requires_not_status=barrack_loot_102
set_status=barrack_loot_102
loot=currency,fixed,15,40
type=on_trigger
repeat=false

[event]
mapmod=object,20,25,161
type=on_load
location=20,25,1,1
hotspot=location

[event]
soundfx=soundfx/inventory/inventory_page.ogg
mapmod=object,62,2,164
hotspot=location
location=63,2,1,1
requires_not_status=barrack_book_2
set_status=barrack_book_2
msg='...I have to looking for four symbol. I am sure these are the key of power...'
type=on_trigger
repeat=false

[event]
soundfx=soundfx/wood_open.ogg
mapmod=object,10,83,161
hotspot=location
location=9,83,2,2
requires_not_status=barrack_loot_101
set_status=barrack_loot_101
loot=currency,fixed,15,40
type=on_trigger
repeat=false

[event]
soundfx=soundfx/wood_open.ogg
mapmod=object,74,4,161
hotspot=location
location=74,4,2,2
requires_not_status=barrack_loot_100
set_status=barrack_loot_100
loot=1,fixed,2,3;2,fixed,2,2
type=on_trigger
repeat=false

[event]
mapmod=object,74,4,161
requires_status=barrack_loot_100
type=on_load
location=74,4,1,1
hotspot=location

[event]
soundfx=soundfx/inventory/inventory_page.ogg
hotspot=location
location=63,23,1,1
set_status=barrack_book_1
msg='...the enemies are exremly hard... I have to close the bridge...'
type=on_trigger
repeat=false
mapmod=object,62,23,164
requires_not_status=barrack_book_1

[event]
mapmod=object,10,83,161
requires_status=barrack_loot_101
type=on_load
location=10,83,1,1
hotspot=location

