[header]
width=16
height=16
tilewidth=64
tileheight=32
music=music/battle_theme.ogg
tileset=tilesetdefs/tileset_cave.txt
title=Under cell

[tilesets]
tileset=../../../tiled/cave/tiled_collision.png,64,32,0,0
tileset=../../../tiled/cave/tiled_cave.png,64,128,0,0

[layer]
type=background
data=
0,27,24,26,30,20,19,27,18,27,31,27,21,20,57,0,
0,26,52,53,22,29,19,48,31,51,27,18,23,28,52,0,
29,55,29,54,52,27,20,55,29,54,26,50,18,29,25,0,
26,24,53,24,48,27,26,49,50,50,31,21,18,26,22,0,
30,18,25,26,16,24,28,48,17,52,54,30,31,26,29,0,
0,20,28,30,27,16,49,55,20,28,25,17,17,27,50,0,
0,51,24,25,17,21,23,53,24,23,50,19,23,16,17,0,
0,49,51,27,17,27,48,23,53,19,17,17,50,29,54,0,
0,20,51,26,22,54,17,25,27,24,22,50,30,22,31,0,
0,54,28,18,31,24,22,26,49,54,26,17,21,48,30,0,
0,30,22,27,18,25,18,51,29,48,51,26,22,21,49,0,
0,49,28,29,26,22,53,31,54,21,53,26,55,51,28,0,
0,28,53,52,23,17,28,29,52,24,19,30,21,49,24,0,
0,53,21,48,18,28,53,16,28,23,55,17,52,25,22,0,
0,56,26,54,20,28,55,48,55,24,30,19,49,29,25,0,
0,0,0,0,0,0,0,0,0,0,0,0,0,0,0,0

[layer]
type=object
data=
0,102,113,105,69,109,105,105,101,105,69,105,69,109,97,73,
0,100,0,0,0,0,0,0,0,144,147,146,148,0,0,66,
65,99,0,0,0,152,150,0,0,0,145,178,0,0,0,66,
240,0,0,0,0,0,151,0,0,0,0,0,0,0,0,66,
71,83,0,110,0,0,110,0,0,0,110,179,0,0,0,106,
0,104,0,0,0,0,0,0,0,0,177,0,0,0,0,66,
0,104,0,144,146,0,0,0,0,0,0,0,0,0,150,66,
0,96,0,0,0,0,0,132,134,0,0,0,0,0,0,66,
0,104,0,179,0,0,0,0,0,0,0,0,0,0,0,66,
0,108,178,0,178,0,0,0,0,0,0,0,0,0,0,66,
0,64,0,110,0,0,110,160,0,0,110,176,0,0,0,66,
0,64,144,0,0,0,0,0,0,0,0,0,0,0,0,106,
0,104,0,0,0,0,0,0,0,0,0,0,0,0,0,66,
0,68,0,0,0,0,0,0,0,0,0,0,0,0,150,66,
0,68,0,0,150,0,0,153,0,150,0,0,150,0,0,66,
0,67,67,107,67,67,107,67,67,67,67,107,67,67,67,74

[layer]
type=collision
data=
3,1,1,1,1,1,1,1,1,1,1,1,1,1,1,1,
3,1,0,0,0,0,0,0,0,4,4,4,4,0,0,1,
1,1,0,0,0,4,4,0,0,0,4,4,0,0,0,1,
0,0,0,0,0,0,4,0,0,0,0,0,0,0,0,1,
1,1,0,1,0,0,1,0,0,0,1,4,0,0,0,1,
3,1,0,0,0,0,0,0,0,0,4,0,0,0,0,1,
3,1,0,4,4,0,0,0,0,0,0,0,0,0,4,1,
3,1,0,0,0,0,0,4,4,0,0,0,0,0,0,1,
3,1,0,4,0,0,0,0,0,0,0,0,0,0,0,1,
3,1,4,0,4,0,0,0,0,0,0,0,0,0,0,1,
3,1,0,1,0,0,1,0,0,0,1,4,0,0,0,1,
3,1,2,0,0,0,0,0,0,0,0,0,0,0,1,1,
3,1,0,0,0,0,0,0,0,0,0,0,0,0,0,1,
3,1,0,0,0,0,0,0,0,0,0,0,0,0,4,1,
3,1,0,0,4,0,0,1,0,4,0,0,4,0,0,1,
3,1,1,1,1,1,1,1,1,1,1,1,1,1,1,1

[enemy]
type=antlion_slasher
location=14,14,1,1

[enemy]
type=antlion
location=0,0,1,1

[enemy]
type=antlion
location=2,8,1,1

[enemy]
type=antlion
location=14,3,1,1

[enemy]
type=antlion
location=6,14,1,1

[enemy]
type=antlion
location=14,1,1,1

[event]
intermap=maps/cell.txt,31,2
type=on_trigger
location=0,3,1,1

[event]
hotspot=location
location=7,10,1,1
type=on_load
requires_status=bottom_loot_1
mapmod=object,7,10,176

[event]
tooltip=Treasure Chest
soundfx=soundfx/wood_open.ogg
hotspot=location
location=6,9,3,3
set_status=bottom_loot_1
type=on_trigger
repeat=false
mapmod=object,7,10,176
requires_not_status=bottom_loot_1
loot=currency,fixed,20,40

