[header]
width=16
height=16
tilewidth=64
tileheight=32
music=music/overworld_theme.ogg
tileset=tilesetdefs/tileset_grassland.txt
title=Before the Door

[tilesets]
tileset=../../../tiled/grassland/tiled_collision.png,64,32,0,0
tileset=../../../tiled/grassland/grassland.png,64,128,0,0
tileset=../../../tiled/grassland/grassland_water.png,64,64,0,32
tileset=../../../tiled/grassland/grassland_structures.png,64,256,0,0
tileset=../../../tiled/grassland/grassland_trees.png,128,256,-32,0
tileset=../../../tiled/grassland/set_rules.png,64,32,0,0
tileset=../../../tiled/grassland/tiled_grassland_2x2.png,128,64,0,16

[layer]
type=background
data=
0,0,0,0,0,0,0,0,0,0,0,0,0,0,0,0,
0,0,31,16,17,18,19,20,0,0,0,24,25,26,0,0,
0,27,28,29,30,31,16,17,18,19,20,21,22,23,24,0,
0,24,25,26,27,28,29,30,31,16,17,18,19,20,21,0,
0,21,22,23,24,25,26,27,28,29,30,31,16,17,18,0,
0,18,19,20,21,22,23,24,25,26,27,28,29,30,31,0,
0,31,16,17,18,19,20,21,22,23,24,25,26,27,0,0,
0,0,0,30,31,16,17,18,19,20,21,22,23,24,0,0,
0,0,26,27,28,29,30,31,16,17,18,19,20,21,0,0,
0,22,23,24,25,26,27,28,29,30,31,16,17,18,0,0,
0,19,20,21,22,23,24,25,26,27,28,29,30,31,16,0,
0,16,17,18,19,20,21,22,23,24,25,26,27,28,29,0,
0,24,30,31,16,17,18,19,20,21,22,23,24,25,26,0,
0,0,27,28,29,30,31,16,17,18,19,20,21,22,0,0,
0,0,0,25,26,27,28,29,30,31,16,17,18,0,0,0,
0,0,0,0,0,0,0,0,0,0,0,0,0,0,0,0

[layer]
type=object
data=
0,0,0,0,0,0,0,0,0,0,0,0,0,0,0,0,
0,0,60,226,227,49,53,57,0,0,0,60,49,61,0,0,
0,56,64,0,0,131,125,65,53,57,60,64,96,65,61,0,
0,48,0,125,0,127,0,118,0,65,64,241,0,0,50,0,
0,52,242,0,0,0,0,0,0,0,0,0,0,0,50,0,
0,48,0,0,0,0,124,0,0,73,0,124,0,66,62,0,
0,59,55,55,67,0,0,0,0,72,127,0,0,54,0,0,
0,0,0,60,64,240,0,0,0,0,0,0,0,54,0,0,
0,0,60,64,128,124,0,0,0,125,0,119,0,54,0,0,
0,60,64,0,0,119,0,0,102,0,0,0,130,54,0,0,
0,52,125,0,0,0,0,0,0,0,0,124,0,65,61,0,
0,48,101,0,74,75,0,0,0,127,0,0,0,0,50,0,
0,59,67,0,98,0,0,125,0,0,0,0,0,70,62,0,
0,0,59,67,242,0,0,0,0,0,0,0,70,62,0,0,
0,0,0,59,51,51,67,77,77,66,51,51,62,0,0,0,
0,0,0,0,0,0,0,0,0,0,0,0,0,0,0,0

[layer]
type=collision
data=
3,3,3,3,3,3,3,3,3,3,3,3,3,3,3,3,
3,3,1,0,0,1,1,1,3,3,3,1,1,1,3,3,
3,1,1,0,0,4,0,1,1,1,1,1,4,1,1,3,
3,1,0,0,0,0,0,0,0,1,1,3,0,0,1,3,
3,1,3,0,0,0,0,0,0,0,0,0,0,0,1,3,
3,1,0,0,0,0,0,0,0,4,0,0,0,1,1,3,
3,1,1,1,1,0,0,0,0,4,0,0,0,1,3,3,
3,3,3,1,1,3,0,0,0,0,0,0,0,1,3,3,
3,3,1,1,4,0,0,0,0,0,0,0,0,1,3,3,
3,1,1,0,0,0,0,0,4,0,0,0,0,1,3,3,
3,1,0,0,0,0,0,0,0,0,0,0,0,1,1,3,
3,1,0,0,4,4,0,0,0,0,0,0,0,0,1,3,
3,1,1,3,0,0,0,0,0,0,0,0,0,1,1,3,
3,3,1,1,0,0,0,0,0,0,0,0,1,1,3,3,
3,3,3,1,1,1,1,0,0,1,1,1,1,3,3,3,
3,3,3,3,3,3,3,3,3,3,3,3,3,3,3,3

[enemy]
type=goblin_spearman
location=9,7,1,1

[enemy]
type=goblin_charger_elite
location=4,3,1,1

[enemy]
type=goblin_charger
location=4,9,1,1

[enemy]
type=antlion_hatchling
location=3,11,1,1

[enemy]
type=antlion_hatchling
location=2,5,1,1

[enemy]
type=antlion_hatchling
location=3,12,1,1

[enemy]
type=antlion_hatchling
location=12,3,1,1

[event]
intermap=maps/river_encampment.txt,27,16
location=7,14,2,1
type=on_trigger

[event]
type=on_trigger
intermap=maps/cells_hall.txt,6,12
location=3,1,2,1

