[header]
width=20
height=16
tilewidth=64
tileheight=32
music=music/boss_theme.ogg
tileset=tilesetdefs/tileset_dungeon.txt
title=Camber of Death

[tilesets]
tileset=../../../tiled/dungeon/tiled_collision.png,64,32,0,0
tileset=../../../tiled/dungeon/tiled_dungeon.png,64,128,0,0
tileset=../../../tiled/dungeon/set_rules.png,64,32,0,0
tileset=../../../tiled/dungeon/tiled_dungeon_2x2.png,128,64,0,16
tileset=../../../tiled/dungeon/door_left.png,64,128,-16,-8
tileset=../../../tiled/dungeon/door_right.png,64,128,16,-8
tileset=../../../tiled/dungeon/stairs.png,256,256,0,48

[layer]
type=background
data=
0,0,0,0,0,0,0,0,0,0,0,0,0,0,0,0,0,0,0,0,
0,17,17,17,17,17,22,49,0,0,0,0,24,21,21,21,21,21,25,49,
0,17,17,17,17,17,22,49,0,0,0,0,20,17,16,17,17,17,22,49,
0,17,17,17,17,17,22,49,0,0,0,0,20,17,17,17,16,17,22,49,
0,17,17,17,17,17,22,49,0,0,0,0,20,16,17,16,17,17,22,49,
0,17,17,17,17,17,22,49,0,0,0,0,20,17,16,17,17,17,22,49,
0,17,17,17,17,17,17,21,21,21,21,21,28,17,17,17,16,17,22,49,
0,17,17,17,17,17,17,18,48,50,50,16,17,16,17,17,17,17,22,49,
0,17,17,17,17,17,17,18,49,0,0,18,16,17,16,17,16,17,22,49,
0,17,17,17,17,17,17,23,23,23,23,23,17,17,17,17,17,17,22,49,
0,17,17,17,17,17,22,48,50,50,50,50,20,17,16,17,16,17,22,49,
0,17,17,17,17,17,22,49,0,0,0,0,20,17,16,17,16,17,22,49,
0,17,17,17,17,17,22,49,0,0,0,0,20,17,17,16,17,17,22,49,
0,17,17,17,17,17,22,49,0,0,0,0,20,17,17,17,17,17,22,49,
0,23,23,23,23,23,26,49,0,0,0,0,27,23,23,23,23,23,26,49,
0,50,50,50,50,50,50,0,0,0,0,0,50,50,50,50,50,50,50,0

[layer]
type=object
data=
0,0,0,0,0,0,0,0,0,0,0,0,0,0,0,0,0,0,0,0,
0,77,69,103,69,105,73,0,0,0,0,0,127,123,123,123,123,123,124,0,
0,64,0,0,163,0,122,0,0,0,0,0,122,151,0,195,0,151,122,0,
0,104,0,0,0,0,122,0,0,0,0,0,122,0,0,194,0,0,122,0,
0,64,0,192,0,0,122,0,0,0,0,0,122,160,0,0,0,0,122,0,
0,64,0,0,0,0,122,0,0,0,0,0,122,0,0,0,0,134,122,0,
0,104,0,0,0,0,126,123,123,123,123,123,125,0,0,0,0,161,122,0,
0,104,0,0,0,0,0,0,0,0,0,0,0,0,0,0,0,0,122,0,
0,112,0,0,0,0,0,0,0,0,0,0,0,0,0,130,0,0,122,0,
0,64,0,0,0,0,127,123,123,123,123,123,124,0,0,0,0,0,122,0,
0,104,0,0,0,0,122,0,0,0,0,0,122,0,0,0,0,134,122,0,
0,64,0,192,0,0,122,0,0,0,0,0,122,0,0,0,0,0,122,0,
0,104,0,0,0,0,122,0,0,0,0,0,122,0,0,147,0,0,122,0,
0,64,0,0,0,0,122,0,0,0,0,0,122,167,0,0,0,151,122,0,
0,73,123,123,123,123,125,0,0,0,0,0,126,123,123,123,123,123,125,0,
0,0,0,0,0,0,0,0,0,0,0,0,0,0,0,0,0,0,0,0

[layer]
type=collision
data=
3,3,3,3,3,3,3,3,3,3,3,3,3,3,3,3,3,3,3,3,
3,1,1,1,1,1,1,2,2,2,2,2,4,4,4,4,4,4,4,3,
3,1,0,0,2,0,4,2,2,2,2,2,4,2,0,4,0,2,4,3,
3,1,0,0,0,0,4,2,2,2,2,2,4,0,0,4,0,0,4,3,
3,1,1,2,0,0,4,2,2,2,2,2,4,0,0,0,0,0,4,3,
3,1,0,0,0,0,4,2,2,2,2,2,4,0,0,0,0,2,4,3,
3,1,0,0,0,0,4,4,4,4,4,4,4,0,0,0,0,2,4,3,
3,1,0,0,0,0,0,0,2,2,2,0,0,0,0,0,0,0,4,3,
3,0,0,0,0,0,0,0,2,2,2,0,0,0,0,1,0,0,4,3,
3,1,0,0,0,0,4,4,4,4,4,4,4,0,0,0,0,0,4,3,
3,1,0,0,0,0,4,2,2,2,2,2,4,0,0,0,0,2,4,3,
3,1,1,2,0,0,4,2,2,2,2,2,4,0,0,0,0,0,4,3,
3,1,0,0,0,0,4,2,2,2,2,2,4,0,0,2,0,0,4,3,
3,1,0,0,0,0,4,2,2,2,2,2,4,2,0,0,0,2,4,3,
3,1,4,4,4,4,4,2,2,2,2,2,4,4,4,4,4,4,4,3,
3,3,3,3,3,3,3,3,3,3,3,3,3,3,3,3,3,3,3,3

[enemy]
type=antlion_freezer
location=13,5,1,1

[enemy]
type=krakatoa
location=15,5,1,1

[enemy]
type=vesuvvio
location=16,2,1,1

[enemy]
type=antlion_freezer
location=12,8,1,1

[enemy]
type=krakatoa
location=14,11,1,1

[event]
type=on_trigger
intermap=maps/cells_hall.txt,12,7
location=1,8,1,1

