[header]
width=16
height=16
tilewidth=64
tileheight=32
music=music/safe_room_theme.ogg
tileset=tilesetdefs/tileset_dungeon.txt
title=Blocks

[tilesets]
tileset=../../../tiled/dungeon/tiled_collision.png,64,32,0,0
tileset=../../../tiled/dungeon/tiled_dungeon.png,64,128,0,0
tileset=../../../tiled/dungeon/set_rules.png,64,32,0,0
tileset=../../../tiled/dungeon/tiled_dungeon_2x2.png,128,64,0,16
tileset=../../../tiled/dungeon/door_left.png,64,128,-16,-8
tileset=../../../tiled/dungeon/door_right.png,64,128,16,-8
tileset=../../../tiled/dungeon/stairs.png,256,256,0,48

[layer]
type=background
data=
0,0,0,0,0,0,0,0,0,0,0,0,0,0,0,0,
0,17,17,17,17,17,17,17,17,17,17,17,17,17,17,0,
0,17,17,17,17,17,17,17,17,17,17,17,17,17,17,0,
0,17,17,17,17,17,17,17,17,17,17,17,17,17,17,0,
0,17,17,17,17,17,17,17,17,17,17,17,17,17,17,0,
0,17,17,17,17,17,17,17,17,17,17,17,17,17,17,0,
0,17,17,23,23,23,17,17,17,17,23,23,23,31,17,0,
0,17,22,48,50,50,20,17,17,22,48,50,50,20,17,0,
0,0,22,49,0,0,20,17,17,22,49,0,0,20,0,0,
0,0,29,21,21,21,28,17,17,29,21,21,21,28,0,66,
0,0,17,17,17,17,17,17,17,17,17,17,17,17,0,66,
0,0,17,17,17,17,17,17,17,17,17,17,17,18,0,0,
0,0,17,17,17,17,17,17,17,17,17,17,17,17,0,0,
0,0,17,17,17,17,17,17,17,17,17,17,17,17,0,0,
0,0,17,17,17,17,17,17,17,17,17,17,17,17,0,0,
0,0,0,0,0,0,0,0,0,0,0,0,0,0,0,0

[layer]
type=object
data=
0,0,0,0,0,0,0,0,0,0,0,0,0,0,0,0,
0,77,105,65,103,113,109,99,97,65,105,103,65,65,78,0,
0,64,0,0,0,0,0,137,0,165,0,161,0,0,70,0,
0,64,151,0,0,0,0,0,0,0,0,0,0,0,90,0,
0,64,0,0,0,0,0,0,0,0,0,0,0,0,0,0,
0,104,0,0,0,0,0,0,0,0,0,0,0,0,91,0,
0,64,147,0,0,0,0,0,0,0,0,0,0,0,82,0,
0,76,72,0,0,0,75,117,117,72,0,0,0,91,95,0,
0,0,104,0,0,0,74,115,115,73,0,0,0,82,0,0,
0,0,108,0,192,0,0,0,0,161,0,0,0,82,0,0,
0,0,68,0,0,0,0,0,0,0,0,0,0,82,0,0,
0,0,98,0,134,0,0,196,197,0,0,134,0,130,0,0,
0,0,68,0,0,0,0,0,0,0,0,0,0,82,0,0,
0,0,68,147,0,0,0,0,0,0,0,0,0,82,0,0,
0,0,76,71,83,83,88,0,91,83,83,83,83,95,0,0,
0,0,0,0,0,0,0,0,0,0,0,0,0,0,0,0

[layer]
type=collision
data=
3,3,3,3,3,3,3,3,3,3,3,3,3,3,3,3,
3,1,1,1,1,0,1,1,1,1,1,1,1,1,1,3,
3,1,0,0,0,0,0,4,0,2,0,2,0,0,1,3,
3,1,2,0,0,0,0,0,0,0,0,0,0,0,1,3,
3,1,0,0,0,0,0,0,0,0,0,0,0,0,0,3,
3,1,0,0,0,0,0,0,0,0,0,0,0,0,1,3,
3,1,2,0,0,0,0,0,0,0,0,0,0,0,1,3,
3,1,1,2,2,2,1,0,0,1,2,3,3,1,1,3,
3,3,1,2,2,2,1,2,2,1,2,2,2,0,3,3,
3,3,1,1,2,0,0,0,0,2,0,0,0,1,3,3,
3,3,1,0,3,0,0,2,2,0,0,0,0,1,3,3,
3,3,1,0,2,0,0,2,2,0,0,2,0,2,3,3,
3,3,1,0,0,0,0,0,0,0,0,0,0,1,3,3,
3,3,1,2,0,0,0,0,0,0,0,0,0,1,3,3,
3,3,1,1,1,1,1,0,1,1,1,1,1,1,3,3,
3,3,3,3,3,3,3,3,3,3,3,3,3,3,3,3

[event]
intermap=maps/cells_capel.txt,7,2
type=on_trigger
location=7,14,1,1

[event]
intermap=maps/cells_block1.txt,2,3
type=on_trigger
location=14,4,1,1

[event]
type=on_trigger
intermap=maps/cells_cave.txt,7,21
location=5,1,1,1

