[header]
width=24
height=24
tilewidth=64
tileheight=32
music=music/cave_theme.ogg
tileset=tilesetdefs/tileset_cave.txt
title=Secret caves

[tilesets]
tileset=../../../tiled/cave/tiled_collision.png,64,32,0,0
tileset=../../../tiled/cave/tiled_cave.png,64,128,0,0

[layer]
type=background
data=
0,0,0,0,0,0,0,0,0,0,0,0,0,0,0,0,0,0,0,0,0,0,0,0,
0,0,0,0,0,25,26,57,0,0,0,0,0,0,0,0,0,0,0,0,0,0,0,0,
0,0,0,0,0,29,30,31,57,0,0,0,0,0,0,0,0,0,0,0,0,0,0,0,
0,0,0,0,0,17,51,19,20,0,0,0,0,0,0,0,0,0,0,0,0,0,0,0,
0,0,0,0,0,21,22,23,24,0,0,0,0,0,0,0,0,0,0,0,0,0,0,0,
0,0,0,0,0,25,26,27,28,0,0,0,0,0,0,0,0,0,0,0,0,0,0,0,
0,0,0,0,0,29,30,31,16,57,0,0,0,0,0,0,0,0,0,0,0,0,0,0,
0,0,0,0,0,17,18,19,20,21,57,0,0,0,0,0,0,0,0,0,0,0,0,0,
0,0,0,0,20,21,22,55,24,25,26,0,0,0,0,0,0,0,0,0,0,0,0,0,
0,0,0,23,24,25,26,27,28,33,30,57,0,0,18,19,20,21,22,23,24,0,0,0,
0,0,0,27,28,29,30,33,16,33,50,19,57,21,22,23,24,25,26,27,28,29,0,0,
0,17,17,31,201,206,53,39,34,46,37,23,24,25,26,27,28,49,30,31,16,17,0,0,
0,17,201,193,209,210,206,205,206,25,35,27,54,29,49,31,16,17,18,19,20,21,0,0,
0,17,196,216,216,216,214,209,194,48,35,31,16,17,18,19,20,21,22,23,24,25,0,0,
0,25,196,216,216,216,211,212,194,17,41,32,32,37,22,23,24,25,26,27,28,29,57,0,
0,56,204,208,216,211,207,204,203,36,38,23,24,40,34,34,34,29,49,31,16,17,18,0,
0,0,56,204,199,207,36,34,34,38,26,27,28,29,30,48,16,17,18,19,20,21,0,0,
0,0,0,56,50,25,26,27,28,29,30,31,16,17,18,19,20,21,22,23,24,25,0,0,
0,0,0,27,28,29,30,52,16,17,18,19,20,0,0,0,56,25,26,27,28,29,0,0,
0,0,0,31,16,17,18,19,20,21,22,0,0,0,0,0,0,0,0,0,0,0,0,0,
0,0,0,56,20,21,22,23,24,25,26,0,0,0,0,0,0,0,0,0,0,0,0,0,
0,0,0,0,0,56,26,27,28,29,30,0,0,0,0,0,0,0,0,0,0,0,0,0,
0,0,0,0,0,0,56,31,0,0,0,0,0,0,0,0,0,0,0,0,0,0,0,0,
0,0,0,0,0,0,0,0,0,0,0,0,0,0,0,0,0,0,0,0,0,0,0,0

[layer]
type=object
data=
0,0,0,0,0,0,0,0,0,0,0,0,0,0,0,0,0,0,0,0,0,0,0,0,
0,0,0,0,0,104,0,106,0,0,0,0,0,0,0,0,0,0,0,0,0,0,0,0,
0,0,0,0,0,100,0,81,69,77,0,0,0,0,0,0,0,0,0,0,0,0,0,0,
0,0,0,0,0,68,0,0,0,66,0,0,0,0,0,0,0,0,0,0,0,0,0,0,
0,0,0,0,0,112,134,0,0,66,0,0,0,0,0,0,0,0,0,0,0,0,0,0,
0,0,0,0,0,100,0,0,0,66,0,0,0,0,0,0,0,0,0,0,0,0,0,0,
0,0,0,0,0,64,133,0,0,66,0,0,0,0,0,0,0,0,0,0,0,0,0,0,
0,0,0,0,0,68,144,0,146,81,65,73,0,0,0,0,0,0,0,0,0,0,0,0,
0,0,0,0,0,96,0,0,0,0,0,66,0,0,0,0,0,0,0,0,0,0,0,0,
0,0,0,114,113,80,0,153,0,128,0,81,0,72,69,109,105,109,109,105,109,109,73,0,
0,0,98,115,176,0,0,0,0,0,0,148,81,99,0,178,0,0,0,0,0,0,70,0,
0,72,99,0,0,0,0,0,0,0,0,144,145,0,0,0,0,0,0,110,0,0,106,0,
0,100,0,0,0,135,0,0,0,0,0,0,0,0,0,0,149,0,0,0,0,0,70,0,
0,96,0,0,0,0,0,133,0,0,0,0,0,134,0,0,0,0,0,111,151,82,78,0,
0,64,0,147,145,0,0,0,0,0,0,0,131,0,0,151,0,0,0,0,0,81,97,0,
0,96,0,0,144,0,0,0,0,0,0,0,0,0,0,0,0,0,0,150,0,0,144,0,
0,75,67,87,0,0,0,129,0,0,0,0,0,0,0,0,0,0,0,0,0,0,86,0,
0,0,0,64,0,0,0,0,0,0,0,0,0,0,0,0,0,0,0,0,0,0,66,0,
0,0,0,108,0,0,0,0,0,0,0,0,0,82,107,71,83,0,0,0,0,0,66,0,
0,0,0,104,0,110,0,0,54,0,0,82,67,78,0,0,79,67,67,67,67,67,74,0,
0,0,0,108,0,0,0,0,0,0,0,70,0,0,0,0,0,0,0,0,0,0,0,0,
0,0,0,75,71,107,87,0,0,0,0,70,0,0,0,0,0,0,0,0,0,0,0,0,
0,0,0,0,0,0,96,0,86,107,71,74,0,0,0,0,0,0,0,0,0,0,0,0,
0,0,0,0,0,0,0,0,0,0,0,0,0,0,0,0,0,0,0,0,0,0,0,0

[layer]
type=collision
data=
3,3,3,3,3,3,3,3,3,3,3,3,3,3,3,3,3,3,3,3,3,3,3,3,
3,3,3,3,3,1,0,1,3,3,3,3,3,3,3,3,3,3,3,3,3,3,3,3,
3,3,3,3,3,1,0,1,1,1,3,3,3,3,3,3,3,3,3,3,3,3,3,3,
3,3,3,3,3,1,0,0,0,1,3,3,3,3,3,3,3,3,3,3,3,3,3,3,
3,3,3,3,3,1,0,0,0,1,3,3,3,3,3,3,3,3,3,3,3,3,3,3,
3,3,3,3,3,1,0,0,0,1,3,3,3,3,3,3,3,3,3,3,3,3,3,3,
3,3,3,3,3,1,0,0,0,1,1,3,3,3,3,3,3,3,3,3,3,3,3,3,
3,3,3,3,3,1,2,0,2,0,1,1,3,3,3,3,3,3,3,3,3,3,3,3,
3,3,3,3,0,1,0,0,0,0,0,1,1,3,3,3,3,3,3,3,3,3,3,3,
3,3,3,1,1,1,0,1,0,2,0,1,1,1,1,1,1,1,1,1,1,1,1,3,
3,3,1,1,2,0,0,0,0,0,0,1,1,1,0,2,0,0,0,0,0,0,1,3,
3,1,1,0,0,2,0,0,0,0,0,0,1,0,0,0,0,0,0,1,0,0,1,3,
3,1,1,2,2,2,2,2,2,0,0,0,0,0,0,0,1,0,0,0,0,0,1,3,
3,1,2,2,2,0,2,2,2,0,0,0,0,0,0,0,0,0,0,1,2,1,1,3,
3,1,2,2,2,2,2,2,2,0,0,0,2,0,0,2,0,0,0,0,0,1,1,3,
3,1,2,2,2,2,2,2,2,0,0,0,0,0,0,0,0,0,0,2,0,0,0,3,
3,3,1,1,2,2,0,2,0,0,0,0,0,0,0,0,0,0,0,0,0,0,1,3,
3,3,3,1,0,0,0,0,0,0,0,0,0,0,0,0,0,0,0,0,0,0,1,3,
3,3,3,1,0,0,0,0,0,0,0,0,0,1,1,1,1,0,0,0,0,0,1,3,
3,3,3,1,0,1,0,0,0,0,0,1,1,1,3,3,1,1,1,1,1,1,1,3,
3,3,3,1,0,0,0,0,0,0,0,1,3,3,3,3,3,3,3,3,3,3,3,3,
3,3,3,1,1,1,1,0,0,0,0,1,3,3,3,3,3,3,3,3,3,3,3,3,
3,3,3,3,3,3,1,0,1,1,1,1,3,3,3,3,3,3,3,3,3,3,3,3,
3,3,3,3,3,3,3,3,3,3,3,3,3,3,3,3,3,3,3,3,3,3,3,3

[enemy]
type=antlion_hatchling
location=4,20,1,1

[enemy]
type=antlion_hatchling
location=21,10,1,1

[enemy]
type=antlion_hatchling
location=21,12,1,1

[enemy]
type=antlion_hatchling
location=17,18,1,1

[enemy]
type=antlion_hatchling
location=8,3,1,1

[enemy]
type=antlion_hatchling
location=10,8,1,1

[enemy]
type=antlion_hatchling
location=6,8,1,1

[enemy]
type=antlion
location=7,11,1,1

[enemy]
type=antlion_hatchling
location=12,18,1,1

[enemy]
type=antlion_hatchling
location=10,21,1,1

[enemy]
type=krakatoa
location=6,5,1,1

[event]
intermap=maps/cells_capel.txt,7,12
location=6,1,1,1
type=on_trigger

[event]
type=on_trigger
intermap=maps/cells_living.txt,2,7
location=22,15,1,1

[event]
intermap=maps/cells_block2.txt,5,2
location=7,22,1,1
type=on_trigger

