[header]
width=16
height=16
tilewidth=64
tileheight=32
music=music/dungeon_theme.ogg
tileset=tilesetdefs/tileset_dungeon.txt
title=Hall

[tilesets]
tileset=../../../tiled/dungeon/tiled_collision.png,64,32,0,0
tileset=../../../tiled/dungeon/tiled_dungeon.png,64,128,0,0
tileset=../../../tiled/dungeon/set_rules.png,64,32,0,0
tileset=../../../tiled/dungeon/tiled_dungeon_2x2.png,128,64,0,16
tileset=../../../tiled/dungeon/door_left.png,64,128,-16,-8
tileset=../../../tiled/dungeon/door_right.png,64,128,16,-8
tileset=../../../tiled/dungeon/stairs.png,256,256,0,48

[layer]
type=background
data=
0,0,0,0,0,0,0,0,0,0,0,0,0,0,0,0,
16,16,16,16,16,16,16,16,16,16,16,16,16,16,16,0,
16,16,16,16,16,16,16,16,16,16,16,16,16,16,16,0,
0,16,16,16,16,16,16,16,16,16,16,16,16,16,16,0,
0,16,16,16,16,16,16,16,16,16,16,16,16,16,16,0,
0,16,16,16,16,16,16,16,16,16,16,16,16,16,16,0,
0,16,16,16,16,16,16,16,16,16,16,16,16,16,16,0,
0,16,16,16,16,16,16,16,16,16,16,16,16,16,16,0,
0,16,16,16,16,16,16,16,16,16,16,16,16,16,16,0,
0,16,16,16,16,16,16,16,16,16,16,16,16,16,16,0,
0,16,16,16,16,16,16,16,16,16,16,16,16,16,16,0,
0,16,16,16,16,16,16,16,16,16,16,16,16,16,16,0,
0,16,16,16,16,16,16,16,16,16,16,16,16,16,16,0,
0,16,16,16,16,16,16,16,16,16,16,16,16,16,16,0,
0,16,16,16,16,16,16,16,16,16,16,16,16,16,16,0,
0,0,0,0,0,0,0,0,0,0,0,0,0,0,0,0

[layer]
type=object
data=
0,0,0,0,0,0,0,0,0,0,0,0,0,0,0,0,
0,77,65,65,99,97,105,113,65,97,99,65,65,65,78,0,
0,64,161,0,0,0,0,0,0,0,0,0,0,0,70,0,
0,98,0,0,137,0,0,0,0,0,137,0,0,0,82,0,
0,64,0,0,0,0,0,0,0,0,0,0,0,0,82,0,
0,112,0,0,0,0,0,0,0,0,0,0,0,0,82,0,
0,64,0,0,0,0,127,123,124,0,0,0,0,0,82,0,
0,76,72,163,0,0,122,128,122,0,0,0,0,0,90,0,
0,77,73,0,0,0,126,123,125,0,0,0,0,0,0,0,
0,64,0,0,0,0,0,0,0,0,0,0,0,0,91,0,
0,112,0,0,0,0,0,0,0,0,0,0,0,0,82,0,
0,64,0,0,137,0,0,0,0,0,137,0,0,0,82,0,
0,98,0,0,0,0,0,0,0,0,0,0,146,0,82,0,
0,64,0,0,0,0,0,0,0,0,0,0,0,0,82,0,
0,76,71,83,83,83,88,0,91,83,83,83,83,83,95,0,
0,0,0,0,0,0,0,0,0,0,0,0,0,0,0,0

[layer]
type=collision
data=
3,3,3,3,3,3,3,3,3,3,3,3,3,3,3,3,
3,1,1,1,1,1,1,0,1,1,1,1,1,1,1,3,
3,1,4,0,0,0,0,0,0,0,0,0,0,0,1,3,
3,1,0,0,4,0,0,0,0,0,4,0,0,0,1,3,
3,1,0,0,0,0,0,0,0,0,0,0,0,0,1,3,
3,0,0,0,0,0,0,0,0,0,0,0,0,0,1,3,
3,1,0,0,0,0,4,4,4,0,0,0,0,0,1,3,
3,1,1,4,0,0,4,1,4,0,0,0,0,0,1,3,
3,1,1,0,0,0,4,4,4,0,0,0,0,0,0,3,
3,1,0,0,0,0,0,0,0,0,0,0,0,0,1,3,
3,0,0,0,0,0,0,0,0,0,0,0,0,0,1,3,
3,1,0,0,4,0,0,0,0,0,4,0,0,0,1,3,
3,1,0,0,0,0,0,0,0,0,0,0,2,0,1,3,
3,1,0,0,0,0,0,0,0,0,0,0,0,0,1,3,
3,1,1,1,1,1,1,0,1,1,1,1,1,1,1,3,
3,3,3,3,3,3,3,3,3,3,3,3,3,3,3,3

[enemy]
type=skeleton
location=5,7,1,1

[enemy]
type=skeleton
location=5,4,1,1

[enemy]
type=skeleton
location=9,5,1,1

[event]
intermap=maps/cells_capel.txt,24,11
type=on_trigger
location=7,1,1,1

[event]
intermap=maps/cells_plan.txt,4,2
type=on_trigger
location=7,14,1,1

[event]
intermap=maps/cells_block1.txt,12,3
type=on_trigger
location=1,5,1,1

[event]
intermap=maps/cells_camber.txt,2,8
type=on_trigger
location=14,8,1,1

[event]
intermap=maps/cells_capel.txt,26,7
type=on_trigger
location=1,10,1,1

