[header]
width=16
height=16
tilewidth=64
tileheight=32
music=music/dungeon_theme.ogg
tileset=tilesetdefs/tileset_dungeon.txt
title=Blocks

[tilesets]
tileset=../../../tiled/dungeon/tiled_collision.png,64,32,0,0
tileset=../../../tiled/dungeon/tiled_dungeon.png,64,128,0,0
tileset=../../../tiled/dungeon/set_rules.png,64,32,0,0
tileset=../../../tiled/dungeon/tiled_dungeon_2x2.png,128,64,0,16
tileset=../../../tiled/dungeon/door_left.png,64,128,-16,-8
tileset=../../../tiled/dungeon/door_right.png,64,128,16,-8
tileset=../../../tiled/dungeon/stairs.png,256,256,0,48

[layer]
type=background
data=
0,0,0,0,0,0,0,0,0,0,0,0,0,0,0,0,
0,19,19,19,19,19,19,19,19,19,19,19,19,19,19,0,
0,19,19,19,19,19,19,19,19,19,19,19,19,19,19,0,
0,19,19,19,19,19,19,19,19,19,19,19,19,19,19,0,
0,19,19,19,19,19,19,19,19,19,19,19,19,19,19,0,
0,19,19,19,19,19,19,19,19,19,19,19,19,19,19,0,
0,19,19,19,19,19,19,19,19,19,19,19,19,19,19,0,
0,19,19,19,19,19,19,19,19,19,19,19,19,19,19,0,
0,19,19,19,19,19,19,19,19,19,19,19,19,19,19,0,
0,19,19,19,19,19,19,19,19,19,19,19,19,19,19,0,
0,19,19,19,19,19,19,19,19,19,19,19,19,19,19,0,
0,19,19,19,19,19,19,19,19,19,19,19,19,19,19,0,
0,19,19,19,19,19,19,19,19,19,19,19,19,19,19,0,
0,19,19,19,19,19,19,19,19,19,19,19,19,19,19,0,
0,19,19,19,19,19,19,19,19,19,19,19,19,19,19,0,
0,0,0,0,0,0,0,0,0,0,0,0,0,0,0,0

[layer]
type=object
data=
0,0,0,0,0,0,0,0,0,0,0,0,0,0,0,0,
0,77,65,65,103,65,107,109,65,107,65,103,105,65,78,0,
0,64,0,0,137,167,0,0,165,0,0,137,0,0,70,0,
0,112,0,0,0,0,0,0,0,0,0,0,0,0,90,0,
0,64,0,0,0,0,0,0,0,0,0,0,0,0,0,0,
0,64,0,0,0,0,0,0,0,0,0,0,0,0,91,0,
0,76,117,117,117,117,117,67,67,117,117,117,117,117,79,0,
0,77,115,115,115,115,115,78,77,115,115,115,115,115,78,0,
0,64,0,0,0,0,0,116,114,162,147,0,0,0,70,0,
0,108,163,0,0,0,0,116,114,0,0,0,0,0,82,0,
0,96,0,0,0,0,0,116,112,0,0,0,0,0,82,0,
0,104,0,0,0,0,0,116,114,0,0,0,0,0,82,0,
0,96,0,0,0,0,0,116,114,0,0,0,0,0,82,0,
0,64,0,0,0,0,0,116,114,0,0,0,0,0,82,0,
0,76,71,88,0,91,83,79,76,71,83,83,83,83,95,0,
0,0,0,0,0,0,0,0,0,0,0,0,0,0,0,0

[layer]
type=collision
data=
3,3,3,3,3,3,3,3,3,3,3,3,3,3,3,3,
3,1,1,1,1,1,1,1,1,1,1,1,1,1,1,3,
3,1,0,0,4,2,0,0,2,0,0,4,0,0,1,3,
3,0,0,0,0,0,0,0,0,0,0,0,0,0,1,3,
3,1,0,0,0,0,0,0,0,0,0,0,0,0,0,3,
3,1,0,0,0,0,0,0,0,0,0,0,0,0,1,3,
3,1,0,0,0,0,0,1,1,0,0,0,0,0,1,3,
3,1,2,2,2,2,2,1,1,2,2,2,2,2,1,3,
3,1,3,0,3,0,0,0,2,2,2,0,0,0,1,3,
3,1,2,0,0,0,0,0,2,0,0,0,0,0,1,3,
3,1,0,0,0,0,0,0,0,0,0,0,0,0,1,3,
3,1,0,0,0,0,0,0,2,0,0,0,0,0,1,3,
3,1,0,0,0,0,0,0,2,0,0,0,0,0,1,3,
3,1,0,0,0,0,0,0,2,0,0,0,0,0,1,3,
3,1,1,1,0,1,1,1,1,1,1,1,1,1,1,3,
3,3,3,3,3,3,3,3,3,3,3,3,3,3,3,3

[enemy]
type=skeletal_sniper
location=10,10,1,1

[enemy]
type=minotaur
location=6,2,1,1

[enemy]
type=skeletal_sniper
location=3,8,1,1

[event]
intermap=maps/cells_block2.txt,12,3
type=on_trigger
location=1,3,1,1

[event]
intermap=maps/cells_hall.txt,2,5
location=14,4,1,1
type=on_trigger

[event]
type=on_trigger
intermap=maps/cells_capel.txt,14,2
location=4,14,1,1

