[header]
width=12
height=16
tilewidth=64
tileheight=32
music=music/unrest_theme.ogg
tileset=tilesetdefs/tileset_dungeon.txt
title=Living room

[tilesets]
tileset=../../../tiled/dungeon/tiled_collision.png,64,32,0,0
tileset=../../../tiled/dungeon/tiled_dungeon.png,64,128,0,0
tileset=../../../tiled/dungeon/set_rules.png,64,32,0,0
tileset=../../../tiled/dungeon/tiled_dungeon_2x2.png,128,64,0,16
tileset=../../../tiled/dungeon/door_left.png,64,128,-16,-8
tileset=../../../tiled/dungeon/door_right.png,64,128,16,-8
tileset=../../../tiled/dungeon/stairs.png,256,256,0,48

[layer]
type=background
data=
0,0,0,0,0,0,0,0,0,0,0,0,
0,0,32,32,32,32,32,32,32,34,0,0,
0,35,35,32,32,34,34,35,35,35,34,0,
0,35,33,35,35,34,35,35,35,34,32,0,
0,35,32,35,35,35,35,35,34,34,32,0,
0,34,32,35,35,35,34,34,34,34,32,0,
0,34,34,32,34,34,35,35,34,34,32,0,
0,34,32,33,33,51,51,32,35,34,32,0,
0,35,35,35,35,51,51,32,35,34,32,0,
0,34,34,35,35,32,34,34,35,33,33,0,
0,35,34,34,34,34,35,35,35,34,33,0,
0,35,34,34,35,35,35,34,35,34,32,0,
0,34,34,34,35,34,34,35,35,35,32,0,
0,32,34,34,33,34,34,34,34,35,33,0,
0,0,32,32,32,32,33,33,33,35,0,0,
0,0,0,0,0,0,0,0,0,0,0,0

[layer]
type=object
data=
0,0,0,0,0,0,0,0,0,0,0,0,
0,0,77,103,107,65,65,107,103,78,0,0,
0,77,73,148,0,205,205,167,0,74,78,0,
0,64,0,0,0,204,204,0,0,0,70,0,
0,100,147,0,0,0,0,0,0,0,82,0,
0,104,0,0,111,0,0,111,0,0,82,0,
0,64,0,0,0,0,0,0,0,161,82,0,
0,112,0,0,0,0,0,0,0,0,82,0,
0,102,0,0,0,0,0,0,0,0,82,0,
0,100,0,0,0,0,0,0,0,0,82,0,
0,64,134,0,111,0,0,111,0,0,82,0,
0,100,0,0,0,0,0,0,0,151,82,0,
0,64,0,0,0,0,0,0,0,0,82,0,
0,76,72,0,0,0,0,0,163,91,95,0,
0,0,76,71,83,88,0,91,83,95,0,0,
0,0,0,0,0,0,0,0,0,0,0,0

[layer]
type=collision
data=
3,3,3,3,3,3,3,3,3,3,3,3,
3,3,1,1,1,1,1,1,1,1,3,3,
3,1,0,2,0,2,2,2,1,1,1,3,
3,1,0,0,0,2,2,0,0,0,1,3,
3,1,2,0,0,0,0,0,0,0,1,3,
3,1,0,0,1,0,0,1,0,0,1,3,
3,1,0,0,0,0,0,0,0,2,1,3,
3,0,0,1,0,0,0,0,0,0,1,3,
3,1,0,0,0,0,0,0,0,0,1,3,
3,1,0,0,0,0,0,0,0,0,1,3,
3,1,2,0,1,0,0,1,0,0,1,3,
3,1,0,0,0,0,0,0,0,2,1,3,
3,1,0,0,0,0,0,0,0,0,1,3,
3,1,0,0,0,0,0,0,2,1,1,3,
3,3,1,1,1,1,0,1,1,1,3,3,
3,3,3,3,3,3,3,3,3,3,3,3

[enemy]
type=vesuvvio
location=5,5,1,1

[event]
intermap=maps/cells_cave.txt,21,15
type=on_trigger
location=1,7,1,1

[event]
intermap=maps/cells_capel.txt,26,2
type=on_trigger
location=6,14,1,1

