[header]
width=32
height=16
tilewidth=64
tileheight=32
music=music/magical_theme.ogg
tileset=tilesetdefs/tileset_dungeon.txt
title=Unknown Capel

[tilesets]
tileset=../../../tiled/dungeon/tiled_collision.png,64,32,0,0
tileset=../../../tiled/dungeon/tiled_dungeon.png,64,128,0,0
tileset=../../../tiled/dungeon/set_rules.png,64,32,0,0
tileset=../../../tiled/dungeon/tiled_dungeon_2x2.png,128,64,0,16
tileset=../../../tiled/dungeon/door_left.png,64,128,-16,-8
tileset=../../../tiled/dungeon/door_right.png,64,128,16,-8
tileset=../../../tiled/dungeon/stairs.png,256,256,0,48

[layer]
type=background
data=
0,0,0,0,0,0,0,0,0,0,0,0,0,0,0,0,0,0,0,0,0,0,0,0,0,0,0,0,0,0,0,0,
0,19,19,19,19,19,19,17,19,19,19,19,19,19,19,19,19,19,19,19,19,19,19,19,19,19,19,19,19,19,19,0,
0,19,19,19,19,19,19,19,19,19,19,19,19,19,19,19,19,19,19,19,19,19,19,19,19,19,19,19,19,19,19,0,
0,19,19,19,19,19,19,19,19,19,19,19,19,19,19,19,19,19,19,19,19,19,19,19,19,19,19,19,19,19,19,0,
0,19,19,19,19,19,19,19,19,19,19,19,19,19,19,19,19,19,19,19,19,19,19,19,19,19,19,19,19,19,19,0,
0,19,19,19,19,19,19,19,19,19,19,19,19,19,19,19,19,19,19,19,19,19,19,19,19,19,19,19,19,19,19,0,
0,19,19,19,19,19,30,23,23,31,19,19,19,19,19,19,19,19,19,19,19,19,19,19,19,19,19,19,19,19,19,0,
0,19,19,19,19,19,22,51,51,20,19,19,19,19,19,19,19,19,19,19,19,19,19,19,19,19,19,19,19,19,19,0,
0,19,19,19,19,19,22,51,51,20,19,19,19,19,19,19,19,19,19,19,19,19,19,19,19,19,19,19,19,19,19,0,
0,19,19,19,19,19,29,21,21,28,19,19,19,19,19,19,19,19,19,19,19,19,19,19,19,19,19,19,19,19,19,0,
0,19,19,19,19,19,19,19,19,19,19,19,19,19,19,19,19,19,19,19,19,19,19,19,19,19,19,19,19,19,19,0,
0,19,19,19,19,19,19,19,19,19,19,19,19,19,19,19,19,19,19,19,19,19,19,19,19,19,19,19,19,19,19,0,
0,19,19,19,19,19,19,19,19,19,19,19,19,19,19,19,19,19,19,19,19,19,19,19,19,19,19,19,19,19,19,0,
0,19,19,19,19,19,19,19,19,19,19,19,19,19,19,19,19,19,19,19,19,19,19,19,19,19,19,19,19,19,19,0,
0,19,19,19,19,19,19,19,19,19,19,19,19,19,19,19,19,19,19,19,19,19,19,19,19,19,19,19,19,19,19,0,
0,0,0,0,0,0,0,0,0,0,0,0,0,0,0,0,0,0,0,0,0,0,0,0,0,0,0,0,0,0,0,0

[layer]
type=object
data=
0,0,0,0,0,0,0,0,0,0,0,0,0,0,0,0,0,0,0,0,0,0,0,0,0,0,0,0,0,0,0,0,
0,77,65,69,65,69,103,115,103,101,99,101,105,103,115,103,69,69,65,107,97,109,105,109,107,103,113,103,97,65,78,0,
0,64,163,161,160,0,0,0,0,0,0,0,0,0,0,0,0,0,0,0,0,0,0,0,0,0,0,0,0,0,70,0,
0,68,0,192,0,0,0,0,0,0,0,0,0,0,0,0,0,193,0,0,0,0,135,0,151,0,0,0,129,0,82,0,
0,104,0,0,0,0,0,0,0,0,0,0,0,0,0,0,0,0,0,0,148,0,0,0,0,0,0,0,0,0,82,0,
0,102,0,0,0,0,0,0,0,0,0,0,147,0,0,0,0,0,0,0,0,0,0,0,0,0,0,0,0,0,82,0,
0,73,0,0,0,0,150,0,0,0,0,75,72,162,0,0,0,75,72,0,0,0,0,0,0,0,0,0,0,0,90,0,
0,240,0,0,132,0,0,0,0,0,0,66,104,136,0,0,0,66,106,0,136,0,0,198,199,0,0,136,0,0,0,0,
0,72,0,0,167,0,0,0,0,0,0,74,73,145,0,0,0,74,73,0,0,0,0,0,0,0,0,0,0,0,91,0,
0,102,0,0,0,0,0,0,0,0,0,0,0,0,0,0,0,0,0,0,0,0,0,0,0,0,0,0,0,0,82,0,
0,64,0,0,0,0,0,0,0,0,0,0,0,0,151,0,0,0,0,0,0,0,0,0,0,0,0,0,0,0,82,0,
0,68,0,0,0,0,0,0,165,0,0,0,0,0,0,0,0,0,0,0,0,0,0,0,0,0,0,0,0,0,82,0,
0,64,0,192,0,0,0,0,0,0,0,0,0,0,0,0,0,0,0,0,0,0,0,0,0,0,0,0,130,0,82,0,
0,64,0,0,0,0,0,0,0,0,0,162,0,0,0,0,0,0,0,0,163,0,0,0,0,0,0,0,0,0,82,0,
0,76,71,83,83,83,88,0,91,83,83,83,83,83,83,83,83,83,83,83,83,83,83,83,83,88,0,91,83,83,95,0,
0,0,0,0,0,0,0,0,0,0,0,0,0,0,0,0,0,0,0,0,0,0,0,0,0,0,0,0,0,0,0,0

[layer]
type=collision
data=
3,3,3,3,3,3,3,3,3,3,3,3,3,3,3,3,3,3,3,3,3,3,3,3,3,3,3,3,3,3,3,3,
3,1,1,1,1,1,1,2,1,1,1,1,1,1,2,1,1,1,1,1,1,1,1,1,1,1,0,1,1,1,1,3,
3,1,2,0,0,0,0,0,0,0,0,0,0,0,0,0,0,1,0,1,0,0,0,0,0,0,0,0,0,0,1,3,
3,1,0,2,0,0,0,0,0,0,0,0,0,0,0,0,0,2,0,1,1,1,2,1,2,0,0,0,1,0,1,3,
3,1,0,0,0,0,0,0,0,0,0,0,0,0,0,0,0,0,0,0,2,0,0,0,0,0,0,0,0,0,1,3,
3,1,0,0,0,0,0,0,0,0,0,0,2,0,0,0,0,0,0,0,0,0,0,0,0,0,0,0,0,0,1,3,
3,1,0,0,0,0,2,0,0,0,0,1,1,2,0,0,0,1,1,0,0,0,0,0,0,0,0,0,0,0,1,3,
3,0,0,0,4,0,0,0,0,0,0,1,1,2,0,0,0,1,1,0,2,0,0,2,2,0,0,2,0,0,0,3,
3,1,0,0,2,0,0,0,0,0,0,1,1,2,0,0,0,1,1,0,0,0,0,0,0,0,0,0,0,0,1,3,
3,1,0,0,0,0,1,0,0,0,0,0,0,0,0,0,0,0,0,0,0,0,0,0,0,0,0,0,0,0,1,3,
3,1,0,0,0,0,0,0,0,0,0,0,0,0,2,0,0,0,0,0,0,0,0,0,0,0,0,0,0,0,1,3,
3,1,0,0,0,0,0,0,2,0,0,0,0,0,0,0,0,0,0,0,0,0,0,0,0,0,0,0,0,0,1,3,
3,1,0,2,0,0,0,0,0,0,0,0,0,0,0,0,0,0,0,0,0,0,0,0,0,0,0,0,1,0,1,3,
3,1,0,0,0,0,0,0,0,0,0,2,0,0,0,0,0,0,0,0,2,0,0,0,0,0,0,0,0,1,1,3,
3,1,1,1,1,1,1,0,1,1,1,1,1,1,1,1,1,1,1,1,1,1,1,1,1,1,0,1,1,1,1,3,
3,3,3,3,3,3,3,3,3,3,3,3,3,3,3,3,3,3,3,3,3,3,3,3,3,3,3,3,3,3,3,3

[enemy]
type=zombie_iceclaw
location=23,4,1,1

[enemy]
type=minotaur
location=5,4,1,1

[enemy]
type=zombie_brute
location=25,6,1,1

[enemy]
type=necromancer_apprentice
location=13,3,1,1

[enemy]
type=zombie_brute
location=21,7,1,1

[event]
intermap=maps/cells_living.txt,5,12
type=on_trigger
location=26,1,1,1

[event]
intermap=maps/cells_hall.txt,7,2
type=on_trigger
location=26,14,1,1

[event]
intermap=maps/cells_block2.txt,6,12
type=on_trigger
location=7,1,1,1

[event]
type=on_trigger
intermap=maps/cells_cave.txt,6,2
location=7,14,1,1

[event]
intermap=maps/cells_hall.txt,2,10
type=on_trigger
location=30,7,1,1

[event]
type=on_trigger
intermap=maps/cells_block1.txt,4,12
location=14,1,1,1

